# Object Export From Tinkercad Server 2015

mtllib obj.mtl

o obj_0
v 1.66 		1 		0
v 0.66 		2.428 		0
v -0.572 		3.66 		0
v -2 		4.66 		0
v 1.192 		-4 		5.736
v 1.067 		-2.578 		5.736
v -7.594 		-0.632 		9.397
v -3.58 		5.397 		0
v -8.17 		-0.786 		9.397
v -5.368 		5.254 		3.42
v -12.649 		-3.004 		8.192
v -4.038 		-12.138 		5
v -12.736 		-4 		8.192
v -16.361 		-0.593 		0.872
v -6.551 		-1.451 		9.659
v -7 		5.397 		3.42
v -2.67 		-11.5 		5
v -8.71 		-4.302 		9.848
v -1.433 		-10.634 		5
v -1.735 		-10.275 		5.736
v -7 		-1.412 		9.659
v -5.264 		5.848 		0
v -7 		6 		0
v 1.66 		-4 		5
v -7.449 		-1.451 		9.659
v -2.468 		-11.849 		4.226
v -5.323 		5.513 		2.588
v 1.529 		-2.496 		5
v -8.736 		5.848 		0
v -8.632 		-4.594 		9.848
v -12 		4.66 		0
v -10.42 		5.397 		0
v -16.254 		-5.632 		3.42
v -1.174 		-10.943 		4.226
v -7 		5.659 		2.588
v -7.885 		-1.568 		9.659
v -15.83 		-7.214 		3.42
v -15.66 		1 		0
v -14.66 		2.428 		0
v -8.504 		-4.868 		9.848
v -13.428 		3.66 		0
v 2.848 		-2.264 		0
v 3 		-4 		0
v 2.397 		-0.58 		0
v -5.29 		5.698 		1.736
v -3.9 		-12.517 		4.226
v 2.848 		-5.736 		0
v 2.397 		-7.42 		0
v -16.077 		-7.304 		2.588
v -7 		5.848 		1.736
v -8.33 		-5.116 		9.848
v 1.66 		-9 		0
v 0.66 		-10.428 		0
v -9.549 		-4.449 		9.659
v -7.996 		-9.649 		8.192
v -7 		-9.736 		8.192
v -0.572 		-11.66 		0
v -2 		-12.66 		0
v -3.58 		-13.397 		0
v -9.432 		-4.885 		9.659
v -16.254 		-7.368 		1.736
v -5.27 		5.811 		0.872
v -6.004 		-9.649 		8.192
v -4.802 		-10.04 		7.66
v -5.038 		-9.39 		8.192
v -5.264 		-13.848 		0
v -7 		-14 		0
v -4.132 		-8.967 		8.192
v -7 		5.962 		0.872
v -16.361 		-7.407 		0.872
v -5.67 		-2.884 		9.848
v -5.884 		-2.67 		9.848
v -6.132 		-2.496 		9.848
v -4.759 		-2.706 		9.659
v -8.116 		-10.33 		7.66
v -12 		-12.66 		0
v -5.017 		-2.336 		9.659
v -8.736 		-13.848 		0
v -10.42 		-13.397 		0
v -5.336 		-5.983 		9.659
v -5.884 		-5.33 		9.848
v -6.132 		-5.504 		9.848
v -5.017 		-5.664 		9.659
v -15.66 		-9 		0
v -13.428 		-11.66 		0
v -9.5 		-8.33 		8.66
v -14.66 		-10.428 		0
v -4.759 		-5.294 		9.659
v -8.71 		-8.698 		8.66
v -8.71 		0.698 		8.66
v -17 		-4 		0
v -9.241 		-5.294 		9.659
v -16.848 		-2.264 		0
v -16.397 		-0.58 		0
v -9.5 		0.33 		8.66
v -16.848 		-5.736 		0
v -16.397 		-7.42 		0
v -8.983 		-5.664 		9.659
v 2.063 		-4 		4.226
v 0.094 		0.096 		5.736
v -10.687 		-8.394 		8.192
v -8.664 		-5.983 		9.659
v 1.925 		-2.426 		4.226
v 0.5 		0.33 		5
v -4.412 		-4 		9.659
v -8.962 		1.39 		8.192
v 0.849 		0.532 		4.226
v -4.451 		-3.551 		9.659
v -9.868 		0.967 		8.192
v -10.214 		-5.17 		9.397
v -10.687 		0.394 		8.192
v -9.962 		-5.71 		9.397
v -4.568 		-3.115 		9.659
v -8.504 		4.529 		5
v 1.138 		0.698 		3.42
v -9.868 		-8.967 		8.192
v 0.198 		-6.62 		6.428
v -8.962 		-9.39 		8.192
v -6.332 		-4.56 		9.962
v 0.544 		-5.33 		6.428
v 0.198 		2.04 		3.42
v -6.245 		-4.436 		9.962
v -6.181 		-4.298 		9.962
v -11.132 		-8.924 		7.66
v 1.365 		0.83 		2.588
v -10.214 		-9.567 		7.66
v 0.399 		2.209 		2.588
v -9.198 		-10.04 		7.66
v -6.128 		-4 		9.962
v -6.142 		-3.849 		9.962
v 0.094 		-8.096 		5.736
v -10.368 		-4.594 		9.397
v -5.264 		-4 		9.848
v 1.529 		0.924 		1.736
v 0.698 		-6.802 		5.736
v -7.151 		-4.858 		9.962
v -7 		-4.872 		9.962
v -5.29 		-3.698 		9.848
v -11.162 		-4.734 		9.063
v -6.849 		-4.858 		9.962
v -7 		-10.428 		7.66
v 0.544 		2.33 		1.736
v 1.067 		-5.422 		5.736
v -9.962 		4.138 		5
v -5.368 		-3.406 		9.848
v -10.971 		-5.445 		9.063
v -5.884 		-10.33 		7.66
v 1.627 		0.981 		0.872
v -8.574 		4.925 		4.226
v 0.631 		2.403 		0.872
v -10.66 		-6.113 		9.063
v -10.1 		4.517 		4.226
v -5.496 		-3.132 		9.848
v 1.138 		-6.962 		5
v -7 		-11.071 		7.071
v -11.924 		-4.868 		8.66
v 1.529 		-5.504 		5
v -5.772 		-10.964 		7.071
v -11.545 		-9.417 		7.071
v -10.536 		-10.124 		7.071
v -11.698 		-5.71 		8.66
v -3.313 		0.394 		8.192
v -4.582 		-10.645 		7.071
v -6.266 		0.162 		9.063
v 1.517 		-7.1 		4.226
v -11.924 		-9.868 		6.428
v -7 		-11.66 		6.428
v 1.925 		-5.574 		4.226
v -7 		0.226 		9.063
v -5.67 		-11.544 		6.428
v -7.734 		0.162 		9.063
v -6.406 		-2.368 		9.848
v -4.5 		0.33 		8.66
v -4.38 		-11.198 		6.428
v -8.294 		-6.241 		9.659
v -6.698 		-2.29 		9.848
v -5.29 		0.698 		8.66
v -9.62 		-6.198 		9.397
v -9.418 		-10.645 		7.071
v 2.397 		-4 		3.42
v -7 		-2.264 		9.848
v -6.132 		0.924 		8.66
v -9.198 		-6.62 		9.397
v -8.228 		-10.964 		7.071
v -8.71 		-6.962 		9.397
v 2.254 		-2.368 		3.42
v -10.83 		-10.634 		6.428
v -7 		1 		8.66
v 1.83 		-0.786 		3.42
v -9.62 		-11.198 		6.428
v -7.868 		0.924 		8.66
v -8.33 		-11.544 		6.428
v -10.237 		-6.717 		9.063
v 2.659 		-4 		2.588
v -4.132 		0.967 		8.192
v 2.513 		-2.323 		2.588
v -7 		-12.192 		5.736
v -5.038 		1.39 		8.192
v -7.302 		-2.29 		9.848
v 2.077 		-0.696 		2.588
v -5.578 		-12.067 		5.736
v -7.594 		-2.368 		9.848
v -6.004 		1.649 		8.192
v -4.198 		-11.698 		5.736
v -9.717 		-7.237 		9.063
v -7 		1.736 		8.192
v -9.113 		-7.66 		9.063
v -7.996 		1.649 		8.192
v -12.265 		-10.275 		5.736
v -11.096 		-11.094 		5.736
v -7.868 		-2.496 		9.848
v -9.802 		-11.698 		5.736
v -4.038 		4.138 		5
v -8.445 		-7.971 		9.063
v -8.116 		-2.67 		9.848
v -3.9 		4.517 		4.226
v 2.848 		-4 		1.736
v -8.422 		-12.067 		5.736
v -10.214 		-7.83 		8.66
v -7 		-12.66 		5
v 2.698 		-2.29 		1.736
v -5.496 		-12.529 		5
v -7 		-13.063 		4.226
v 2.254 		-0.632 		1.736
v -11.33 		-11.5 		5
v -6.702 		-4.819 		9.962
v -2.076 		0.132 		7.66
v -6.564 		-4.755 		9.962
v 2.962 		-4 		0.872
v -9.962 		-12.138 		5
v -6.44 		-4.668 		9.962
v -6.245 		-3.564 		9.962
v -6.332 		-3.44 		9.962
v -2.868 		0.924 		7.66
v 2.811 		-2.27 		0.872
v -6.44 		-3.332 		9.962
v -3.786 		1.567 		7.66
v -6.564 		-3.245 		9.962
v -6.702 		-3.181 		9.962
v 2.361 		-0.593 		0.872
v -1.583 		0.545 		7.071
v -6.849 		-3.142 		9.962
v -7 		-3.128 		9.962
v -11.33 		-6.5 		8.66
v -7.151 		-3.142 		9.962
v -2.455 		1.417 		7.071
v -11.532 		-11.849 		4.226
v -3.464 		2.124 		7.071
v -10.83 		-7.214 		8.66
v -11.967 		-6.868 		8.192
v -1.132 		0.924 		6.428
v -11.394 		-7.687 		8.192
v -7.858 		-4.151 		9.962
v -2.076 		1.868 		6.428
v -7.819 		-4.298 		9.962
v -3.17 		2.634 		6.428
v -7.755 		-4.436 		9.962
v -12.649 		-4.996 		8.192
v -7.668 		-4.56 		9.962
v -7.56 		-4.668 		9.962
v -7.436 		-4.755 		9.962
v -8.504 		-12.529 		5
v -7.298 		-4.819 		9.962
v -10.1 		-12.517 		4.226
v 1.83 		-7.214 		3.42
v -8.574 		-12.925 		4.226
v 2.254 		-5.632 		3.42
v -8.228 		2.964 		7.071
v -1.735 		2.275 		5.736
v -2.904 		3.094 		5.736
v 2.077 		-7.304 		2.588
v -9.418 		2.645 		7.071
v -6.181 		-3.702 		9.962
v -12.417 		-8.545 		7.071
v 2.513 		-5.677 		2.588
v -1.433 		2.634 		5
v -2.67 		3.5 		5
v -10.536 		2.124 		7.071
v -12.868 		-8.924 		6.428
v -7 		-5.736 		9.848
v -6.698 		-5.71 		9.848
v -8.33 		3.544 		6.428
v -13.275 		-9.265 		5.736
v 2.254 		-7.368 		1.736
v -6.406 		-5.632 		9.848
v -12.39 		-5.962 		8.192
v -14.5 		-8.33 		5
v -1.174 		2.943 		4.226
v -2.468 		3.849 		4.226
v 2.698 		-5.71 		1.736
v -13.634 		-9.567 		5
v -11.394 		-0.313 		8.192
v -11.967 		-1.132 		8.192
v -12.567 		-10.634 		5
v -14.849 		-8.532 		4.226
v 2.361 		-7.407 		0.872
v -12.567 		-0.786 		7.66
v -13.943 		-9.826 		4.226
v 2.811 		-5.73 		0.872
v -5.426 		-12.925 		4.226
v -13.04 		-1.802 		7.66
v -12.826 		-10.943 		4.226
v -12.39 		-2.038 		8.192
v -0.725 		1.265 		5.736
v -8.116 		-5.33 		9.848
v -7.868 		-5.504 		9.848
v -0.366 		1.567 		5
v -2.302 		-12.138 		3.42
v -7.594 		-5.632 		9.848
v -13.124 		-0.464 		7.071
v -0.057 		1.826 		4.226
v -7.302 		-5.71 		9.848
v -13.645 		-1.582 		7.071
v -11.698 		-12.138 		3.42
v -0.96 		-11.198 		3.42
v -13.634 		-0.17 		6.428
v -7 		4.192 		5.736
v -14.198 		-1.38 		6.428
v -5.496 		4.529 		5
v -7 		4.66 		5
v -0.791 		-11.399 		2.588
v -6.115 		-6.432 		9.659
v -0.67 		-11.544 		1.736
v -5.706 		-6.241 		9.659
v -5.426 		4.925 		4.226
v -10.214 		-12.83 		3.42
v -13.428 		-4 		7.66
v -0.597 		-11.631 		0.872
v -8.632 		-13.254 		3.42
v -5.29 		-6.962 		9.397
v -13.33 		-2.884 		7.66
v -3.786 		-12.83 		3.42
v -4.802 		-6.62 		9.397
v -11.83 		-12.365 		2.588
v -14.071 		-4 		7.071
v -3.696 		-13.077 		2.588
v -10.304 		-13.077 		2.588
v -13.964 		-2.772 		7.071
v -4.38 		-6.198 		9.397
v 0.5 		-8.33 		5
v -2.17 		-12.365 		2.588
v -8.677 		-13.513 		2.588
v 0.849 		-8.532 		4.226
v -14.66 		-4 		6.428
v -3.632 		-13.254 		1.736
v -5.83 		-7.214 		9.397
v -2.076 		-12.529 		1.736
v 0.198 		-10.04 		3.42
v 1.138 		-8.698 		3.42
v -5.555 		-7.971 		9.063
v -14.544 		-2.67 		6.428
v -4.887 		-7.66 		9.063
v -7 		-4 		10
v -4.283 		-7.237 		9.063
v -9.62 		3.198 		6.428
v -3.593 		-13.361 		0.872
v 0.399 		-10.209 		2.588
v 1.365 		-8.83 		2.588
v -2.019 		-12.627 		0.872
v -10.83 		2.634 		6.428
v -11.924 		-12.529 		1.736
v 0.544 		-10.33 		1.736
v 1.529 		-8.924 		1.736
v -10.368 		-13.254 		1.736
v -7.885 		-6.432 		9.659
v -7.449 		-6.549 		9.659
v -7 		5.063 		4.226
v -8.71 		-13.698 		1.736
v -7 		-6.588 		9.659
v -6.551 		-6.549 		9.659
v -11.981 		-12.627 		0.872
v -7 		-13.397 		3.42
v -10.407 		-13.361 		0.872
v -9.198 		2.04 		7.66
v -5.368 		-13.254 		3.42
v -8.73 		-13.811 		0.872
v -10.214 		1.567 		7.66
v -5.884 		2.33 		7.66
v -11.132 		0.924 		7.66
v -7 		-13.659 		2.588
v -4.582 		2.645 		7.071
v -11.924 		0.132 		7.66
v -5.772 		2.964 		7.071
v -5.323 		-13.513 		2.588
v -7 		-13.848 		1.736
v -11.545 		1.417 		7.071
v -15.138 		-8.698 		3.42
v -4.38 		3.198 		6.428
v -5.29 		-13.698 		1.736
v -8.17 		-7.214 		9.397
v -5.67 		3.544 		6.428
v -14.198 		-10.04 		3.42
v -11.924 		1.868 		6.428
v -7.594 		-7.368 		9.397
v -13.04 		-11.198 		3.42
v -7 		-13.962 		0.872
v -8.422 		4.067 		5.736
v -7 		-7.42 		9.397
v -5.27 		-13.811 		0.872
v -15.365 		-8.83 		2.588
v -9.802 		3.698 		5.736
v -7 		2.428 		7.66
v -6.406 		-7.368 		9.397
v -14.399 		-10.209 		2.588
v -11.096 		3.094 		5.736
v -8.116 		2.33 		7.66
v -13.209 		-11.399 		2.588
v -7.734 		-8.162 		9.063
v -7 		3.071 		7.071
v -12.265 		2.275 		5.736
v -7 		3.66 		6.428
v -8.445 		-0.029 		9.063
v -6.266 		-8.162 		9.063
v -11.33 		3.5 		5
v -15.529 		-8.924 		1.736
v -9.113 		-0.34 		9.063
v -9.717 		-0.763 		9.063
v -14.544 		-10.33 		1.736
v -11.532 		3.849 		4.226
v -13.33 		-11.544 		1.736
v -10.214 		-0.17 		8.66
v -15.627 		-8.981 		0.872
v -8.294 		-1.759 		9.659
v -14.631 		-10.403 		0.872
v -0.572 		-4 		7.66
v -4.802 		2.04 		7.66
v -1.264 		-4 		8.192
v -13.403 		-11.631 		0.872
v -8.664 		-2.017 		9.659
v -0.67 		-2.884 		7.66
v -12.417 		0.545 		7.071
v -8.71 		-1.038 		9.397
v -7.872 		-4 		9.962
v -12.868 		0.924 		6.428
v -1.351 		-3.004 		8.192
v -0.96 		-1.802 		7.66
v -1.61 		-2.038 		8.192
v -9.198 		-1.38 		9.397
v -7.298 		-3.181 		9.962
v -1.433 		-0.786 		7.66
v -2.033 		-1.132 		8.192
v -7.436 		-3.245 		9.962
v -7.56 		-3.332 		9.962
v -9.62 		-1.802 		9.397
v -7.668 		-3.44 		9.962
v -13.275 		1.265 		5.736
v -14.094 		0.096 		5.736
v -7.755 		-3.564 		9.962
v -7.819 		-3.702 		9.962
v -12.567 		2.634 		5
v -2.606 		-0.313 		8.192
v -7.858 		-3.849 		9.962
v -4.198 		3.698 		5.736
v 0.631 		-10.403 		0.872
v -13.634 		1.567 		5
v -16.397 		-4 		3.42
v 1.627 		-8.981 		0.872
v -14.5 		0.33 		5
v -0.036 		-2.772 		7.071
v -5.578 		4.067 		5.736
v -16.659 		-4 		2.588
v -16.513 		-2.323 		2.588
v -0.355 		-1.582 		7.071
v -12.826 		2.943 		4.226
v -0.876 		-0.464 		7.071
v -16.848 		-4 		1.736
v -13.943 		1.826 		4.226
v -3.34 		-1.887 		9.063
v -14.849 		0.532 		4.226
v -3.763 		-1.283 		9.063
v -2.67 		-1.5 		8.66
v -2.302 		4.138 		3.42
v -16.698 		-2.29 		1.736
v -3.17 		-0.786 		8.66
v -3.786 		4.83 		3.42
v -4.038 		-5.71 		9.397
v -3.786 		-0.17 		8.66
v -16.962 		-4 		0.872
v -3.786 		-5.17 		9.397
v -16.811 		-2.27 		0.872
v -2.17 		4.365 		2.588
v -0.366 		-0.17 		6.428
v -10.237 		-1.283 		9.063
v -15.192 		-4 		5.736
v -3.696 		5.077 		2.588
v -3.632 		-4.594 		9.397
v -14.698 		-1.198 		5.736
v -15.067 		-2.578 		5.736
v -3.34 		-6.113 		9.063
v -2.076 		4.529 		1.736
v -2.076 		-8.132 		7.66
v -2.606 		-7.687 		8.192
v -1.433 		-7.214 		7.66
v -2.033 		-6.868 		8.192
v -2 		-4 		8.66
v -3.632 		5.254 		1.736
v -3.029 		-5.445 		9.063
v -0.96 		-6.198 		7.66
v -15.66 		-4 		5
v -2.838 		-4.734 		9.063
v -15.138 		-1.038 		5
v -1.61 		-5.962 		8.192
v -16.513 		-5.677 		2.588
v -15.529 		-2.496 		5
v -0.67 		-5.116 		7.66
v -16.698 		-5.71 		1.736
v -2.019 		4.627 		0.872
v -1.351 		-4.996 		8.192
v -10.66 		-1.887 		9.063
v -16.811 		-5.73 		0.872
v -3.593 		5.361 		0.872
v -2.302 		-5.71 		8.66
v -10.83 		-0.786 		8.66
v -0.876 		-7.536 		7.071
v -16.063 		-4 		4.226
v -11.33 		-1.5 		8.66
v -0.355 		-6.418 		7.071
v -2.076 		-4.868 		8.66
v -0.036 		-5.228 		7.071
v -15.517 		-0.9 		4.226
v -15.925 		-2.426 		4.226
v -0.96 		3.198 		3.42
v -0.366 		-7.83 		6.428
v -8.33 		-2.884 		9.848
v -8.632 		5.254 		3.42
v -0.791 		3.399 		2.588
v -3.763 		-6.717 		9.063
v -10.214 		4.83 		3.42
v -0.67 		3.544 		1.736
v -0.597 		3.631 		0.872
v -11.698 		4.138 		3.42
v -3.786 		-7.83 		8.66
v -3.786 		-2.83 		9.397
v -8.677 		5.513 		2.588
v -3.17 		-7.214 		8.66
v -8.983 		-2.336 		9.659
v -7 		-8.226 		9.063
v -10.304 		5.077 		2.588
v -11.924 		-8.132 		7.66
v -2.67 		-6.5 		8.66
v -9.241 		-2.706 		9.659
v -7.868 		-8.924 		8.66
v -11.83 		4.365 		2.588
v -13.33 		-5.116 		7.66
v -9.962 		-2.29 		9.397
v -7 		-9 		8.66
v -10.214 		-2.83 		9.397
v -13.04 		-6.198 		7.66
v -6.132 		-8.924 		8.66
v -12.567 		-7.214 		7.66
v -13.964 		-5.228 		7.071
v -5.29 		-8.698 		8.66
v -6.142 		-4.151 		9.962
v -8.736 		-4 		9.848
v -8.504 		-3.132 		9.848
v -8.632 		-3.406 		9.848
v -4.038 		-2.29 		9.397
v -13.645 		-6.418 		7.071
v -5.67 		-5.116 		9.848
v -8.71 		-3.698 		9.848
v -4.5 		-8.33 		8.66
v -5.496 		-4.868 		9.848
v -3.029 		-2.555 		9.063
v -5.368 		-4.594 		9.848
v -5.29 		-4.302 		9.848
v -13.124 		-7.536 		7.071
v -8.71 		5.698 		1.736
v -9.588 		-4 		9.659
v -10.368 		5.254 		1.736
v -2.302 		-2.29 		8.66
v -11.924 		4.529 		1.736
v -8.73 		5.811 		0.872
v -14.544 		-5.33 		6.428
v -3.313 		-8.394 		8.192
v -9.432 		-3.115 		9.659
v -10.407 		5.361 		0.872
v -4.568 		-4.885 		9.659
v -9.549 		-3.551 		9.659
v -14.198 		-6.62 		6.428
v -3.786 		-9.567 		7.66
v -4.451 		-4.449 		9.659
v -11.981 		4.627 		0.872
v -3.58 		-4 		9.397
v -2.868 		-8.924 		7.66
v -13.634 		-7.83 		6.428
v -3.632 		-3.406 		9.397
v -3.464 		-10.124 		7.071
v -2.455 		-9.417 		7.071
v -10.42 		-4 		9.397
v -2.774 		-4 		9.063
v -10.368 		-3.406 		9.397
v -2.838 		-3.266 		9.063
v -1.583 		-8.545 		7.071
v -3.17 		-10.634 		6.428
v -11.226 		-4 		9.063
v -2.076 		-9.868 		6.428
v -1.132 		-8.924 		6.428
v -10.971 		-2.555 		9.063
v -15.067 		-5.422 		5.736
v -11.162 		-3.266 		9.063
v -2.076 		-3.132 		8.66
v -14.698 		-6.802 		5.736
v -13.04 		3.198 		3.42
v -14.094 		-8.096 		5.736
v -14.198 		2.04 		3.42
v -12 		-4 		8.66
v -15.138 		0.698 		3.42
v -5.83 		-0.786 		9.397
v -15.529 		-5.504 		5
v -4.283 		-0.763 		9.063
v -0.725 		-9.265 		5.736
v -4.887 		-0.34 		9.063
v -11.698 		-2.29 		8.66
v -15.138 		-6.962 		5
v -13.209 		3.399 		2.588
v -0.366 		-9.567 		5
v -11.924 		-3.132 		8.66
v -14.399 		2.209 		2.588
v -5.555 		-0.029 		9.063
v -15.365 		0.83 		2.588
v -0.057 		-9.826 		4.226
v -15.925 		-5.574 		4.226
v -15.517 		-7.1 		4.226
v -2.904 		-11.094 		5.736
v -13.33 		3.544 		1.736
v -14.544 		2.33 		1.736
v -15.529 		0.924 		1.736
v -5.336 		-2.017 		9.659
v -5.706 		-1.759 		9.659
v -13.403 		3.631 		0.872
v -14.631 		2.403 		0.872
v -15.627 		0.981 		0.872
v -6.115 		-1.568 		9.659
v -4.38 		-1.802 		9.397
v -4.802 		-1.38 		9.397
v -5.29 		-1.038 		9.397
v -15.83 		-0.786 		3.42
v -16.254 		-2.368 		3.42
v 0.071 		-4 		7.071
v -6.406 		-0.632 		9.397
v 0.66 		-4 		6.428
v -7 		-0.58 		9.397
v -16.077 		-0.696 		2.588
v 0.544 		-2.67 		6.428
v 0.198 		-1.38 		6.428
v -16.254 		-0.632 		1.736
v 0.698 		-1.198 		5.736
v 1.138 		-1.038 		5
v 1.517 		-0.9 		4.226
# 649 vertices

g group_0_14093196

usemtl color_14093196
s 0

f 44 	76 	1
f 27 	35 	10
f 10 	35 	16
f 1 	76 	2
f 76 	85 	2
f 3 	84 	4
f 8 	4 	97
f 12 	26 	17
f 642 	7 	21
f 17 	26 	34
f 21 	7 	25
f 32 	29 	31
f 23 	38 	29
f 54 	60 	18
f 18 	60 	30
f 31 	29 	41
f 17 	34 	19
f 27 	50 	35
f 45 	50 	27
f 33 	49 	37
f 41 	29 	39
f 39 	29 	38
f 30 	92 	40
f 42 	76 	44
f 43 	76 	42
f 5 	28 	6
f 46 	26 	12
f 5 	24 	28
f 46 	308 	26
f 57 	58 	53
f 642 	21 	15
f 48 	76 	47
f 22 	8 	97
f 47 	76 	43
f 18 	554 	54
f 59 	66 	53
f 503 	61 	49
f 59 	53 	58
f 64 	65 	63
f 63 	147 	64
f 67 	78 	52
f 66 	67 	52
f 62 	69 	45
f 92 	30 	60
f 97 	96 	22
f 45 	69 	50
f 70 	422 	61
f 23 	22 	96
f 69 	572 	50
f 52 	53 	66
f 8 	22 	511
f 511 	22 	62
f 80 	81 	82
f 54 	110 	60
f 23 	69 	62
f 82 	324 	80
f 48 	52 	76
f 79 	76 	52
f 77 	72 	71
f 81 	80 	83
f 97 	84 	70
f 22 	23 	62
f 110 	112 	60
f 87 	3 	85
f 84 	3 	87
f 97 	4 	84
f 78 	79 	52
f 3 	2 	85
f 339 	83 	80
f 38 	23 	94
f 94 	23 	93
f 557 	74 	113
f 83 	476 	88
f 40 	98 	51
f 96 	91 	23
f 93 	23 	91
f 557 	634 	74
f 40 	92 	98
f 74 	634 	77
f 24 	99 	103
f 647 	104 	100
f 102 	305 	98
f 98 	305 	51
f 24 	103 	28
f 102 	185 	175
f 106 	109 	90
f 90 	109 	95
f 99 	186 	103
f 109 	111 	95
f 112 	92 	60
f 108 	105 	586
f 586 	533 	108
f 112 	178 	92
f 86 	118 	89
f 107 	115 	121
f 92 	178 	98
f 86 	116 	118
f 115 	127 	121
f 178 	183 	98
f 105 	583 	586
f 108 	533 	113
f 126 	116 	101
f 189 	125 	115
f 533 	557 	113
f 101 	124 	126
f 143 	120 	117
f 559 	122 	119
f 127 	115 	125
f 116 	126 	128
f 143 	5 	120
f 125 	134 	142
f 125 	142 	127
f 128 	118 	116
f 110 	54 	132
f 138 	130 	129
f 141 	56 	55
f 134 	150 	142
f 117 	135 	143
f 129 	133 	138
f 130 	138 	145
f 135 	157 	143
f 141 	55 	75
f 139 	146 	132
f 114 	152 	144
f 133 	108 	138
f 56 	141 	147
f 149 	152 	114
f 141 	158 	147
f 138 	113 	145
f 56 	147 	63
f 132 	146 	110
f 110 	151 	112
f 150 	134 	148
f 146 	151 	110
f 131 	154 	135
f 75 	155 	141
f 148 	2 	150
f 148 	1 	2
f 274 	159 	124
f 595 	156 	139
f 124 	160 	126
f 233 	232 	71
f 153 	71 	232
f 124 	159 	160
f 139 	161 	146
f 157 	135 	154
f 158 	141 	155
f 236 	233 	72
f 147 	158 	163
f 143 	157 	24
f 126 	179 	128
f 139 	156 	161
f 126 	160 	179
f 24 	157 	99
f 105 	133 	565
f 133 	105 	108
f 143 	24 	5
f 64 	147 	163
f 138 	108 	113
f 154 	165 	168
f 145 	74 	153
f 164 	188 	169
f 155 	167 	170
f 113 	74 	145
f 182 	188 	164
f 153 	77 	71
f 154 	168 	157
f 74 	77 	153
f 167 	201 	170
f 286 	161 	156
f 99 	157 	168
f 238 	72 	73
f 155 	170 	158
f 166 	279 	209
f 158 	170 	174
f 73 	172 	238
f 166 	209 	210
f 128 	75 	118
f 158 	174 	163
f 75 	55 	118
f 168 	180 	99
f 102 	98 	183
f 128 	184 	75
f 198 	203 	177
f 177 	203 	182
f 128 	179 	184
f 184 	155 	75
f 185 	102 	183
f 166 	187 	159
f 186 	99 	180
f 103 	186 	189
f 159 	187 	160
f 196 	186 	180
f 167 	197 	201
f 186 	200 	189
f 179 	160 	190
f 186 	196 	200
f 188 	191 	169
f 187 	190 	160
f 172 	15 	176
f 179 	192 	184
f 188 	208 	191
f 175 	390 	365
f 179 	190 	192
f 178 	112 	193
f 169 	191 	171
f 184 	167 	155
f 176 	21 	181
f 184 	192 	167
f 191 	90 	171
f 15 	21 	176
f 193 	205 	178
f 21 	25 	181
f 166 	210 	187
f 180 	194 	196
f 173 	198 	177
f 185 	207 	214
f 195 	198 	173
f 189 	200 	125
f 190 	218 	192
f 200 	134 	125
f 192 	197 	167
f 204 	174 	170
f 203 	206 	182
f 36 	202 	199
f 183 	178 	205
f 170 	201 	204
f 182 	206 	188
f 207 	183 	205
f 206 	208 	188
f 191 	106 	90
f 202 	423 	211
f 185 	183 	207
f 197 	222 	201
f 191 	208 	106
f 224 	200 	196
f 187 	212 	190
f 207 	89 	214
f 187 	210 	212
f 134 	200 	224
f 201 	12 	204
f 218 	190 	212
f 204 	12 	17
f 199 	181 	25
f 199 	25 	36
f 194 	217 	221
f 205 	193 	219
f 218 	197 	192
f 205 	219 	86
f 222 	197 	220
f 222 	12 	201
f 194 	221 	196
f 219 	249 	101
f 291 	294 	209
f 202 	36 	423
f 262 	223 	220
f 196 	221 	224
f 205 	86 	207
f 225 	210 	209
f 210 	225 	230
f 207 	86 	89
f 227 	234 	162
f 217 	235 	221
f 210 	230 	212
f 234 	237 	162
f 217 	229 	235
f 136 	280 	137
f 221 	235 	240
f 101 	116 	219
f 219 	116 	86
f 193 	112 	151
f 161 	244 	146
f 218 	220 	197
f 221 	240 	224
f 234 	227 	246
f 241 	246 	227
f 146 	244 	151
f 224 	240 	148
f 234 	248 	237
f 193 	151 	249
f 246 	248 	234
f 439 	353 	245
f 249 	151 	244
f 249 	219 	193
f 264 	230 	225
f 231 	228 	81
f 224 	148 	134
f 247 	264 	225
f 231 	81 	119
f 559 	119 	81
f 244 	161 	250
f 244 	252 	249
f 250 	252 	244
f 71 	72 	233
f 229 	43 	42
f 241 	251 	246
f 254 	246 	251
f 252 	101 	249
f 72 	238 	236
f 229 	42 	235
f 254 	256 	246
f 238 	172 	239
f 44 	240 	235
f 44 	235 	42
f 246 	256 	248
f 218 	212 	262
f 212 	230 	262
f 240 	44 	1
f 239 	176 	242
f 262 	220 	218
f 240 	1 	148
f 172 	176 	239
f 176 	181 	242
f 242 	181 	243
f 264 	266 	230
f 251 	304 	254
f 18 	30 	253
f 165 	267 	168
f 245 	243 	199
f 528 	152 	149
f 181 	199 	243
f 266 	262 	230
f 265 	267 	165
f 253 	30 	255
f 199 	202 	245
f 30 	40 	255
f 168 	267 	180
f 262 	266 	223
f 255 	40 	257
f 267 	194 	180
f 259 	257 	51
f 40 	51 	257
f 254 	270 	256
f 264 	329 	266
f 260 	259 	51
f 269 	270 	254
f 349 	271 	265
f 268 	355 	272
f 265 	271 	275
f 276 	277 	269
f 271 	290 	275
f 273 	130 	145
f 159 	274 	166
f 279 	166 	274
f 275 	267 	265
f 273 	145 	153
f 194 	267 	275
f 269 	277 	270
f 273 	153 	232
f 213 	270 	277
f 140 	137 	281
f 283 	209 	279
f 216 	213 	277
f 281 	137 	280
f 140 	281 	285
f 258 	286 	156
f 284 	271 	358
f 276 	289 	277
f 290 	271 	284
f 250 	161 	286
f 276 	288 	289
f 140 	285 	226
f 289 	216 	277
f 291 	209 	283
f 288 	311 	522
f 275 	217 	194
f 225 	209 	294
f 275 	290 	217
f 297 	293 	292
f 295 	298 	287
f 299 	290 	284
f 220 	223 	300
f 280 	369 	370
f 387 	392 	295
f 295 	392 	298
f 297 	301 	293
f 220 	300 	222
f 287 	298 	291
f 280 	370 	281
f 222 	46 	12
f 298 	302 	294
f 298 	294 	291
f 222 	300 	46
f 294 	247 	225
f 294 	302 	247
f 322 	285 	281
f 293 	301 	303
f 482 	100 	304
f 301 	331 	303
f 304 	251 	482
f 223 	375 	300
f 313 	301 	297
f 372 	375 	223
f 269 	254 	304
f 305 	260 	51
f 260 	305 	261
f 306 	261 	305
f 307 	304 	100
f 100 	104 	307
f 261 	309 	263
f 276 	269 	307
f 304 	307 	269
f 309 	261 	306
f 382 	431 	310
f 104 	107 	311
f 263 	312 	136
f 312 	263 	309
f 311 	307 	104
f 310 	313 	297
f 26 	308 	315
f 307 	311 	276
f 288 	276 	311
f 136 	312 	280
f 121 	311 	107
f 308 	321 	315
f 121 	522 	311
f 102 	175 	305
f 26 	315 	34
f 431 	316 	310
f 34 	315 	621
f 310 	318 	313
f 175 	306 	305
f 316 	318 	310
f 175 	365 	306
f 306 	365 	309
f 309 	366 	312
f 309 	365 	366
f 317 	460 	320
f 315 	321 	348
f 357 	348 	321
f 320 	114 	317
f 247 	314 	326
f 216 	325 	213
f 299 	284 	296
f 321 	323 	357
f 362 	357 	323
f 290 	299 	229
f 326 	264 	247
f 229 	299 	43
f 454 	362 	328
f 323 	328 	362
f 57 	328 	359
f 290 	229 	217
f 329 	264 	326
f 359 	58 	57
f 330 	324 	322
f 57 	53 	328
f 372 	266 	329
f 457 	48 	296
f 11 	303 	331
f 346 	330 	322
f 11 	327 	13
f 324 	330 	333
f 296 	48 	47
f 331 	327 	11
f 296 	47 	299
f 308 	46 	332
f 80 	324 	333
f 43 	299 	47
f 333 	339 	80
f 326 	314 	337
f 338 	331 	301
f 314 	334 	337
f 301 	313 	338
f 611 	340 	131
f 332 	336 	341
f 340 	154 	131
f 326 	337 	342
f 338 	335 	331
f 336 	347 	341
f 340 	165 	154
f 332 	341 	308
f 354 	339 	333
f 343 	165 	340
f 331 	335 	327
f 341 	321 	308
f 342 	329 	326
f 343 	265 	165
f 347 	336 	345
f 341 	347 	323
f 351 	338 	313
f 346 	352 	330
f 313 	318 	351
f 347 	328 	323
f 265 	343 	349
f 346 	350 	352
f 338 	344 	335
f 330 	354 	333
f 341 	323 	321
f 330 	352 	354
f 349 	358 	271
f 282 	355 	268
f 364 	368 	337
f 337 	368 	342
f 348 	358 	349
f 348 	357 	358
f 345 	356 	359
f 350 	561 	352
f 352 	532 	354
f 355 	360 	272
f 401 	405 	355
f 345 	359 	347
f 355 	405 	360
f 357 	363 	358
f 272 	360 	278
f 334 	361 	364
f 357 	362 	363
f 328 	347 	359
f 361 	373 	364
f 361 	371 	373
f 213 	325 	319
f 367 	320 	319
f 334 	364 	337
f 325 	367 	319
f 369 	280 	312
f 364 	376 	368
f 356 	59 	58
f 367 	149 	320
f 356 	58 	359
f 369 	312 	366
f 119 	122 	353
f 320 	149 	114
f 122 	123 	353
f 420 	371 	361
f 10 	325 	216
f 266 	372 	223
f 10 	16 	325
f 130 	353 	129
f 325 	16 	367
f 322 	281 	370
f 376 	364 	373
f 106 	377 	109
f 273 	353 	130
f 525 	149 	367
f 370 	346 	322
f 376 	396 	368
f 300 	375 	332
f 374 	377 	106
f 232 	353 	273
f 377 	379 	109
f 332 	375 	336
f 233 	353 	232
f 375 	384 	336
f 324 	285 	322
f 46 	300 	332
f 236 	353 	233
f 377 	386 	379
f 329 	342 	380
f 109 	379 	111
f 353 	236 	238
f 292 	111 	382
f 379 	382 	111
f 380 	372 	329
f 371 	79 	373
f 238 	239 	353
f 382 	297 	292
f 372 	384 	375
f 406 	272 	374
f 371 	76 	79
f 372 	380 	384
f 239 	242 	353
f 373 	79 	78
f 272 	278 	374
f 373 	78 	376
f 242 	243 	353
f 366 	398 	369
f 243 	245 	353
f 374 	278 	377
f 342 	385 	380
f 278 	386 	377
f 278 	393 	386
f 439 	442 	353
f 385 	342 	368
f 388 	381 	248
f 380 	385 	389
f 442 	443 	353
f 370 	403 	346
f 382 	379 	431
f 386 	431 	379
f 248 	256 	388
f 396 	385 	368
f 382 	310 	297
f 390 	175 	185
f 381 	391 	383
f 443 	445 	353
f 388 	391 	381
f 185 	214 	390
f 380 	389 	384
f 445 	448 	353
f 400 	404 	387
f 384 	345 	336
f 387 	404 	392
f 278 	360 	393
f 391 	411 	383
f 448 	449 	353
f 365 	390 	394
f 384 	389 	345
f 393 	434 	386
f 302 	298 	395
f 392 	395 	298
f 449 	452 	353
f 302 	314 	247
f 365 	394 	366
f 460 	391 	388
f 302 	395 	314
f 37 	49 	400
f 385 	399 	389
f 259 	260 	353
f 398 	366 	394
f 385 	396 	399
f 401 	355 	282
f 261 	353 	260
f 400 	387 	37
f 369 	398 	403
f 389 	399 	356
f 397 	401 	282
f 398 	413 	403
f 402 	203 	378
f 263 	353 	261
f 399 	59 	356
f 369 	403 	370
f 400 	418 	404
f 136 	353 	263
f 389 	356 	345
f 404 	407 	395
f 404 	395 	392
f 136 	137 	353
f 395 	334 	314
f 67 	396 	376
f 137 	140 	353
f 383 	409 	378
f 395 	407 	334
f 390 	408 	394
f 405 	410 	360
f 376 	78 	67
f 140 	226 	353
f 396 	67 	66
f 378 	409 	402
f 390 	214 	408
f 406 	402 	268
f 396 	66 	399
f 360 	410 	393
f 353 	226 	228
f 394 	408 	537
f 446 	434 	410
f 400 	415 	418
f 409 	268 	402
f 231 	353 	228
f 59 	399 	66
f 268 	272 	406
f 317 	114 	397
f 114 	144 	397
f 404 	420 	407
f 353 	231 	119
f 537 	398 	394
f 7 	171 	412
f 397 	144 	401
f 411 	409 	383
f 412 	9 	7
f 401 	414 	405
f 400 	49 	415
f 401 	144 	414
f 411 	282 	409
f 413 	398 	537
f 9 	412 	416
f 353 	433 	253
f 403 	413 	350
f 61 	415 	49
f 353 	253 	255
f 144 	152 	419
f 415 	424 	418
f 171 	90 	412
f 282 	268 	409
f 422 	424 	415
f 403 	350 	346
f 255 	257 	353
f 90 	95 	412
f 419 	414 	144
f 418 	420 	404
f 416 	412 	95
f 353 	257 	259
f 416 	421 	417
f 419 	464 	414
f 407 	361 	334
f 421 	416 	95
f 407 	420 	361
f 397 	282 	411
f 95 	111 	421
f 61 	422 	415
f 237 	195 	162
f 237 	426 	195
f 425 	427 	508
f 420 	418 	428
f 424 	428 	418
f 426 	198 	195
f 420 	428 	371
f 426 	378 	198
f 425 	430 	427
f 353 	452 	433
f 432 	423 	36
f 431 	386 	434
f 430 	435 	427
f 198 	378 	203
f 434 	316 	431
f 9 	432 	36
f 435 	436 	437
f 203 	402 	206
f 432 	438 	423
f 422 	70 	84
f 430 	436 	435
f 422 	87 	424
f 402 	406 	206
f 84 	87 	422
f 437 	440 	441
f 393 	410 	434
f 206 	406 	208
f 438 	429 	423
f 436 	440 	437
f 428 	424 	85
f 87 	85 	424
f 208 	374 	106
f 446 	447 	434
f 440 	227 	441
f 406 	374 	208
f 316 	434 	447
f 426 	237 	381
f 363 	284 	358
f 237 	248 	381
f 426 	383 	378
f 363 	296 	284
f 381 	383 	426
f 450 	410 	405
f 85 	76 	428
f 441 	227 	451
f 405 	414 	450
f 76 	371 	428
f 227 	162 	451
f 453 	388 	256
f 446 	410 	455
f 450 	455 	410
f 433 	18 	253
f 362 	454 	457
f 453 	256 	270
f 455 	458 	446
f 453 	460 	388
f 425 	459 	430
f 433 	554 	18
f 453 	319 	460
f 362 	457 	363
f 446 	458 	447
f 459 	463 	430
f 202 	439 	245
f 317 	411 	391
f 296 	363 	457
f 202 	211 	439
f 317 	391 	460
f 439 	211 	442
f 454 	328 	53
f 397 	411 	317
f 443 	442 	215
f 211 	215 	442
f 454 	53 	52
f 430 	463 	436
f 454 	52 	457
f 463 	465 	436
f 445 	443 	215
f 414 	464 	450
f 270 	213 	453
f 457 	52 	48
f 455 	450 	467
f 464 	467 	450
f 448 	556 	449
f 455 	469 	458
f 213 	319 	453
f 467 	469 	455
f 319 	320 	460
f 465 	440 	436
f 465 	241 	440
f 469 	520 	458
f 465 	251 	241
f 351 	344 	338
f 468 	474 	470
f 440 	241 	227
f 462 	466 	461
f 471 	474 	468
f 472 	475 	289
f 473 	466 	462
f 477 	610 	474
f 476 	83 	339
f 88 	476 	479
f 9 	416 	432
f 475 	10 	216
f 438 	432 	417
f 416 	417 	432
f 480 	478 	473
f 438 	417 	444
f 483 	444 	417
f 463 	482 	465
f 472 	485 	475
f 480 	91 	478
f 481 	485 	472
f 473 	478 	466
f 316 	487 	318
f 482 	251 	465
f 485 	27 	475
f 478 	91 	96
f 487 	316 	447
f 441 	471 	570
f 471 	451 	474
f 485 	45 	27
f 487 	488 	318
f 441 	451 	471
f 475 	27 	10
f 14 	632 	94
f 527 	540 	489
f 481 	526 	490
f 474 	162 	477
f 451 	162 	474
f 351 	318 	488
f 162 	195 	477
f 477 	195 	173
f 14 	94 	93
f 351 	484 	344
f 339 	489 	476
f 492 	493 	494
f 490 	496 	481
f 476 	489 	497
f 488 	484 	351
f 14 	93 	480
f 492 	491 	493
f 483 	509 	444
f 489 	512 	497
f 494 	493 	498
f 489 	540 	512
f 93 	91 	480
f 479 	476 	497
f 447 	458 	501
f 481 	496 	485
f 479 	500 	486
f 458 	520 	501
f 456 	503 	33
f 496 	45 	485
f 461 	503 	456
f 501 	487 	447
f 502 	494 	498
f 479 	497 	500
f 49 	33 	503
f 504 	488 	487
f 496 	62 	45
f 502 	498 	505
f 486 	500 	590
f 466 	506 	461
f 421 	483 	417
f 461 	506 	503
f 487 	501 	504
f 502 	505 	508
f 516 	509 	483
f 506 	61 	503
f 504 	499 	488
f 510 	506 	466
f 490 	529 	507
f 425 	508 	505
f 490 	511 	496
f 466 	478 	510
f 488 	499 	484
f 507 	511 	490
f 421 	513 	483
f 491 	514 	493
f 510 	70 	506
f 491 	593 	514
f 511 	62 	496
f 513 	516 	483
f 97 	70 	510
f 497 	512 	518
f 498 	493 	517
f 506 	70 	61
f 493 	514 	517
f 512 	502 	508
f 478 	96 	510
f 507 	8 	511
f 498 	519 	505
f 512 	508 	518
f 518 	500 	497
f 4 	8 	507
f 516 	613 	509
f 96 	97 	510
f 517 	519 	498
f 639 	505 	519
f 520 	521 	501
f 603 	605 	464
f 421 	111 	513
f 292 	513 	111
f 292 	293 	513
f 513 	293 	516
f 501 	521 	504
f 288 	472 	289
f 540 	494 	502
f 504 	515 	499
f 215 	524 	445
f 522 	472 	288
f 521 	515 	504
f 448 	445 	524
f 514 	117 	517
f 475 	216 	289
f 429 	215 	211
f 127 	526 	522
f 127 	522 	121
f 514 	523 	117
f 508 	427 	518
f 522 	481 	472
f 367 	16 	525
f 517 	120 	519
f 481 	522 	526
f 525 	528 	149
f 427 	495 	518
f 517 	117 	120
f 526 	127 	529
f 142 	529 	127
f 354 	527 	339
f 495 	435 	601
f 525 	538 	528
f 489 	339 	527
f 427 	435 	495
f 526 	529 	490
f 150 	530 	529
f 150 	529 	142
f 152 	531 	419
f 597 	131 	523
f 530 	507 	529
f 638 	456 	521
f 528 	531 	152
f 597 	611 	131
f 150 	3 	530
f 523 	135 	117
f 3 	4 	530
f 534 	525 	16
f 211 	423 	429
f 523 	131 	135
f 4 	507 	530
f 16 	35 	534
f 527 	354 	535
f 532 	535 	354
f 539 	250 	550
f 540 	527 	535
f 524 	215 	536
f 536 	215 	429
f 250 	539 	252
f 536 	541 	524
f 2 	3 	150
f 534 	538 	525
f 252 	539 	101
f 124 	101 	539
f 214 	89 	542
f 538 	543 	528
f 550 	274 	539
f 274 	124 	539
f 542 	408 	214
f 429 	438 	536
f 444 	536 	438
f 13 	327 	544
f 536 	545 	541
f 408 	546 	537
f 444 	545 	536
f 545 	547 	541
f 258 	13 	544
f 528 	543 	531
f 258 	548 	286
f 492 	535 	574
f 574 	535 	532
f 546 	408 	542
f 544 	548 	258
f 537 	546 	549
f 535 	492 	494
f 535 	494 	540
f 286 	550 	250
f 502 	512 	540
f 548 	550 	286
f 509 	545 	444
f 549 	413 	537
f 123 	553 	353
f 552 	350 	413
f 551 	544 	327
f 524 	555 	448
f 129 	353 	553
f 534 	569 	538
f 327 	335 	551
f 555 	556 	448
f 552 	413 	549
f 551 	558 	544
f 452 	449 	560
f 561 	350 	552
f 562 	122 	559
f 122 	564 	123
f 449 	556 	560
f 562 	564 	122
f 544 	558 	548
f 561 	532 	352
f 452 	560 	554
f 558 	566 	548
f 533 	468 	557
f 89 	118 	55
f 553 	123 	565
f 50 	567 	35
f 563 	468 	533
f 55 	542 	89
f 452 	554 	433
f 542 	55 	56
f 565 	123 	564
f 35 	567 	534
f 468 	470 	557
f 554 	568 	54
f 546 	542 	56
f 553 	565 	133
f 548 	566 	550
f 546 	63 	549
f 567 	569 	534
f 546 	56 	63
f 550 	566 	274
f 571 	543 	538
f 569 	571 	538
f 65 	552 	549
f 553 	133 	129
f 279 	274 	566
f 132 	54 	568
f 570 	471 	563
f 83 	559 	81
f 549 	63 	65
f 572 	567 	50
f 559 	83 	88
f 552 	65 	68
f 335 	344 	573
f 552 	68 	561
f 524 	541 	555
f 88 	562 	559
f 563 	471 	468
f 541 	575 	555
f 574 	532 	561
f 572 	576 	567
f 541 	547 	575
f 88 	577 	562
f 561 	68 	574
f 555 	575 	556
f 572 	32 	576
f 88 	479 	577
f 573 	551 	335
f 562 	577 	564
f 578 	560 	556
f 573 	579 	551
f 580 	68 	65
f 575 	578 	556
f 601 	435 	437
f 565 	564 	581
f 567 	576 	569
f 560 	568 	554
f 576 	582 	569
f 564 	577 	581
f 441 	570 	437
f 578 	568 	560
f 580 	65 	64
f 580 	584 	68
f 105 	565 	581
f 558 	551 	579
f 569 	582 	571
f 583 	105 	581
f 558 	579 	585
f 580 	588 	584
f 581 	486 	583
f 574 	68 	584
f 577 	479 	486
f 23 	29 	69
f 492 	574 	491
f 584 	491 	574
f 486 	581 	577
f 69 	29 	572
f 64 	163 	587
f 558 	585 	566
f 226 	285 	82
f 566 	585 	279
f 587 	580 	64
f 29 	32 	572
f 82 	228 	226
f 588 	580 	587
f 32 	31 	576
f 568 	589 	132
f 594 	587 	163
f 228 	82 	81
f 576 	31 	582
f 587 	596 	588
f 591 	575 	547
f 587 	594 	596
f 486 	590 	583
f 31 	41 	582
f 324 	82 	285
f 575 	591 	578
f 583 	592 	586
f 584 	588 	491
f 593 	491 	588
f 578 	589 	568
f 591 	589 	578
f 590 	592 	583
f 163 	174 	594
f 589 	139 	132
f 592 	563 	586
f 589 	595 	139
f 543 	615 	531
f 570 	563 	592
f 604 	283 	585
f 586 	563 	533
f 585 	283 	279
f 509 	598 	545
f 588 	596 	593
f 597 	593 	596
f 509 	613 	598
f 484 	599 	344
f 495 	590 	500
f 593 	597 	523
f 545 	598 	547
f 500 	518 	495
f 344 	599 	573
f 495 	601 	590
f 547 	600 	591
f 579 	573 	602
f 582 	630 	571
f 41 	630 	582
f 601 	592 	590
f 593 	523 	514
f 598 	600 	547
f 419 	531 	603
f 600 	595 	591
f 531 	615 	603
f 599 	602 	573
f 601 	570 	592
f 602 	604 	579
f 603 	464 	419
f 601 	437 	570
f 467 	464 	605
f 591 	595 	589
f 595 	606 	156
f 467 	607 	469
f 600 	606 	595
f 20 	611 	596
f 597 	596 	611
f 579 	604 	585
f 607 	467 	605
f 607 	637 	469
f 599 	484 	609
f 610 	612 	635
f 499 	609 	484
f 609 	614 	599
f 610 	173 	612
f 20 	19 	611
f 616 	611 	19
f 613 	617 	598
f 605 	603 	618
f 615 	618 	603
f 599 	614 	602
f 611 	616 	340
f 605 	620 	607
f 619 	636 	612
f 602 	287 	604
f 618 	620 	605
f 343 	340 	616
f 621 	343 	616
f 602 	614 	287
f 613 	11 	617
f 604 	291 	283
f 598 	617 	600
f 621 	616 	34
f 19 	34 	616
f 543 	571 	625
f 287 	291 	604
f 515 	622 	499
f 625 	615 	543
f 164 	608 	619
f 617 	606 	600
f 606 	258 	156
f 348 	621 	315
f 621 	349 	343
f 470 	474 	610
f 499 	622 	609
f 258 	606 	13
f 623 	614 	609
f 621 	348 	349
f 610 	477 	173
f 624 	174 	204
f 627 	646 	620
f 17 	624 	204
f 624 	594 	174
f 622 	623 	609
f 612 	177 	619
f 623 	295 	614
f 594 	624 	20
f 173 	177 	612
f 177 	182 	619
f 624 	19 	20
f 615 	625 	618
f 626 	618 	625
f 623 	387 	295
f 619 	182 	164
f 11 	13 	617
f 624 	17 	19
f 618 	627 	620
f 594 	20 	596
f 617 	13 	606
f 614 	295 	287
f 626 	627 	618
f 77 	628 	72
f 628 	629 	72
f 630 	625 	571
f 622 	515 	33
f 303 	613 	516
f 629 	73 	72
f 293 	303 	516
f 33 	37 	622
f 626 	625 	631
f 630 	631 	625
f 631 	632 	626
f 303 	11 	613
f 629 	633 	73
f 622 	37 	623
f 631 	38 	632
f 633 	172 	73
f 626 	632 	627
f 633 	15 	172
f 37 	387 	623
f 557 	470 	634
f 627 	14 	646
f 456 	33 	515
f 77 	634 	628
f 635 	628 	634
f 632 	14 	627
f 636 	629 	628
f 635 	636 	628
f 636 	608 	629
f 637 	520 	469
f 39 	631 	41
f 41 	631 	630
f 520 	638 	521
f 633 	629 	608
f 39 	38 	631
f 608 	640 	633
f 633 	640 	15
f 637 	638 	520
f 634 	470 	635
f 610 	635 	470
f 94 	632 	38
f 636 	635 	612
f 636 	619 	608
f 638 	461 	456
f 505 	639 	425
f 459 	425 	639
f 515 	521 	456
f 641 	639 	519
f 640 	642 	15
f 643 	637 	607
f 519 	120 	641
f 644 	639 	641
f 607 	620 	643
f 25 	9 	36
f 7 	9 	25
f 643 	462 	637
f 641 	6 	644
f 640 	608 	164
f 164 	169 	640
f 639 	644 	459
f 473 	462 	643
f 642 	640 	169
f 645 	459 	644
f 642 	171 	7
f 169 	171 	642
f 462 	638 	637
f 638 	462 	461
f 459 	645 	463
f 482 	463 	645
f 641 	5 	6
f 620 	646 	643
f 473 	643 	646
f 646 	480 	473
f 645 	647 	100
f 14 	480 	646
f 645 	100 	482
f 644 	647 	645
f 644 	6 	647
f 6 	28 	648
f 648 	647 	6
f 648 	104 	647
f 649 	648 	28
f 28 	103 	649
f 649 	107 	648
f 649 	115 	107
f 649 	189 	115
f 648 	107 	104
f 189 	649 	103
f 5 	641 	120
# 1294 faces

 #end of obj_0

