# Object Export From Tinkercad Server 2015

mtllib obj.mtl

o obj_0
v 0.66 		5 		0
v -11.696 		0.99 		17.071
v -11.827 		0 		17.071
v 2 		0 		0
v 0.494 		4.904 		0.761
v -12.811 		2.778 		13.827
v 1.659 		2.588 		0
v 0.365 		4.83 		1.34
v -13.366 		1.438 		13.827
v 0.586 		4.957 		0.341
v 1.147 		-2.451 		2.066
v 1.469 		0 		2.066
v -10.241 		8.365 		5
v -3 		8.66 		0
v -8 		-9.979 		0.086
v -13.556 		0 		13.827
v -13 		0 		15
v -10.5 		-4.33 		15
v 1.239 		0 		2.929
v -6.116 		-0.505 		19.239
v -13.272 		3.044 		12.588
v -9.294 		-4.83 		15
v -8 		-9.914 		0.341
v -8 		10 		0
v 1.33 		-2.5 		1.34
v -6.049 		0 		19.239
v -5.412 		9.659 		0
v -10.321 		8.663 		3.912
v -13.88 		1.576 		12.588
v -5.759 		-1.294 		18.66
v 1.659 		0 		1.34
v -10.391 		8.924 		2.929
v -0.929 		7.071 		0
v 1.474 		-2.538 		0.761
v -5.5 		-0.67 		18.66
v 0.642 		4.989 		0.086
v -8 		-9.808 		0.761
v -5.434 		-9.577 		0.341
v 1.808 		0 		0.761
v -14.088 		0 		12.588
v -5.412 		0 		18.66
v -10.588 		9.659 		0
v -10.778 		-4.811 		13.827
v -10.451 		9.147 		2.066
v 1.577 		-2.566 		0.341
v -13 		8.66 		0
v -9.438 		-5.366 		13.827
v -5.417 		-9.639 		0.086
v -5.216 		-1.607 		17.934
v 1.979 		0 		0.086
v 1.914 		0 		0.341
v -15.071 		7.071 		0
v -10.5 		9.33 		1.34
v 1.639 		-2.583 		0.086
v -4.895 		-0.832 		17.934
v -16.66 		5 		0
v -9.707 		6.369 		11.305
v -17.659 		2.588 		0
v -10.538 		9.474 		0.761
v -18 		0 		0
v -11.044 		-5.272 		12.588
v -8 		-10 		0
v 1.659 		-2.588 		0
v -11.297 		5.71 		11.305
v -4.786 		0 		17.934
v 0.66 		-5 		0
v -9.576 		-5.88 		12.588
v -4.686 		-1.913 		17.071
v -12.662 		4.662 		11.305
v -10.566 		9.577 		0.341
v 0.001 		-4.619 		2.929
v -0.929 		-7.071 		0
v -4.304 		-0.99 		17.071
v 0.201 		-4.735 		2.066
v -9.83 		6.83 		10
v -3 		-8.66 		0
v -10.583 		9.639 		0.086
v -4.173 		0 		17.071
v -11.536 		6.124 		10
v -5.412 		-9.659 		0
v -13 		5 		10
v 0.365 		-4.83 		1.34
v -15.071 		-7.071 		0
v -12.305 		-4.305 		12.588
v -7.077 		-0.923 		19.659
v -10.588 		-9.659 		0
v -9.946 		7.262 		8.695
v -13 		-8.66 		0
v 0.969 		0 		3.912
v 0.663 		2.321 		3.912
v 0.494 		-4.904 		0.761
v -6.87 		-0.653 		19.659
v -14.369 		-1.707 		11.305
v -11.759 		6.511 		8.695
v -12.735 		8.201 		2.066
v -17.659 		-2.588 		0
v 0.924 		2.391 		2.929
v 0.586 		-4.957 		0.341
v -12.83 		8.365 		1.34
v -14.593 		0 		11.305
v 0.642 		-4.989 		0.086
v -16.66 		-5 		0
v -13.71 		-3.297 		11.305
v -13.316 		5.316 		8.695
v -6.739 		-0.338 		19.659
v -6.695 		0 		19.659
v 1.147 		2.451 		2.066
v -12.904 		8.494 		0.761
v -6.31 		-0.975 		19.239
v -15.071 		0 		10
v -14.83 		-1.83 		10
v -5.727 		2.273 		17.934
v 1.33 		2.5 		1.34
v -14.124 		-3.536 		10
v -5.294 		2.706 		17.071
v -12.957 		8.586 		0.341
v -12.989 		8.642 		0.086
v -6.087 		3.314 		17.071
v -15.262 		-1.946 		8.695
v -15.934 		0 		7.412
v -15.663 		-2.053 		7.412
v -15.518 		0 		8.695
v -14.511 		-3.759 		8.695
v -13.71 		3.297 		11.305
v -8 		0 		20
v -14.871 		-3.967 		7.412
v -14.369 		1.707 		11.305
v -3.728 		-1.145 		16.088
v 1.474 		2.538 		0.761
v -8.169 		-0.632 		19.914
v -3.577 		0 		16.088
v -8 		-0.654 		19.914
v -7.831 		-0.632 		19.914
v -7.673 		-0.566 		19.914
v -6.706 		2.241 		18.66
v -7.538 		-0.462 		19.914
v -14.124 		3.536 		10
v -7.434 		-0.327 		19.914
v -3.67 		-2.5 		15
v -7.33 		2.5 		18.66
v -7.368 		-0.169 		19.914
v -11.297 		-5.71 		11.305
v -10.053 		7.663 		7.412
v -7.346 		0 		19.914
v 1.577 		2.566 		0.341
v -14.83 		1.83 		10
v -9.707 		-6.369 		11.305
v -3.17 		-1.294 		15
v -11.967 		6.871 		7.412
v -8 		2.588 		18.66
v -10.152 		8.031 		6.173
v -14.511 		3.759 		8.695
v -3 		0 		15
v -12.157 		7.201 		6.173
v 1.639 		2.583 		0.086
v -15.262 		1.946 		8.695
v -11.536 		-6.124 		10
v -6.393 		2.784 		17.934
v -16.031 		-2.152 		6.173
v -4.072 		-3.928 		13.827
v -9.83 		-6.83 		10
v -16.315 		0 		6.173
v -7.168 		3.105 		17.934
v -3.189 		-2.778 		13.827
v -2.634 		-1.438 		13.827
v -11.759 		-6.511 		8.695
v -8 		-1.305 		19.659
v -8 		3.214 		17.934
v -7.662 		-1.261 		19.659
v -16.365 		-2.241 		5
v -9.946 		-7.262 		8.695
v -7.347 		-1.13 		19.659
v -8 		8.315 		6.173
v -2.444 		0 		13.827
v -8 		-1.951 		19.239
v -5.759 		8.365 		5
v -13.61 		5.61 		7.412
v -2.728 		-3.044 		12.588
v -7.01 		3.696 		17.071
v -8 		8.66 		5
v -7.495 		-1.884 		19.239
v -8 		3.827 		17.071
v -2.12 		-1.576 		12.588
v -7.025 		-1.69 		19.239
v -11.967 		-6.871 		7.412
v -13.879 		5.879 		6.173
v -6.621 		-1.379 		19.239
v -12.662 		-4.662 		11.305
v -1.912 		0 		12.588
v -15.201 		4.157 		6.173
v -10.053 		-7.663 		7.412
v -13 		-5 		10
v -12.33 		7.5 		5
v -3.265 		8.201 		2.066
v -14.124 		6.124 		5
v -12.157 		-7.201 		6.173
v -10.152 		-8.031 		6.173
v -15.5 		4.33 		5
v -13.316 		-5.316 		8.695
v -6.116 		0.505 		19.239
v -3.17 		8.365 		1.34
v -6.17 		-1.83 		18.66
v -5.789 		-3.83 		16.088
v -5.5 		0.67 		18.66
v -4.873 		-3.127 		16.088
v -5.759 		1.294 		18.66
v -3.096 		8.494 		0.761
v -4.17 		-2.211 		16.088
v -1.129 		-3.967 		7.412
v -14.871 		3.967 		7.412
v -4.895 		0.832 		17.934
v -13.61 		-5.61 		7.412
v -3.043 		8.586 		0.341
v -4.464 		-3.536 		15
v -3.011 		8.642 		0.086
v -5.216 		1.607 		17.934
v -15.663 		2.053 		7.412
v -0.337 		-2.053 		7.412
v -5.727 		-2.273 		17.934
v -0.066 		0 		7.412
v -6.087 		-3.314 		17.071
v -5.294 		-2.706 		17.071
v -15.201 		-4.157 		6.173
v -4.304 		0.99 		17.071
v -13.879 		-5.879 		6.173
v -16.031 		2.152 		6.173
v -4.686 		1.913 		17.071
v -3.695 		-4.305 		12.588
v -4.033 		-6.871 		7.412
v -15.5 		-4.33 		5
v -3.695 		4.305 		12.588
v -2.39 		-5.61 		7.412
v -14.124 		-6.124 		5
v -8 		-4.423 		16.088
v -12.33 		-7.5 		5
v -6.855 		4.272 		16.088
v -6.855 		-4.272 		16.088
v -6.621 		1.379 		19.239
v -5.679 		8.663 		3.912
v -8 		-5 		15
v -3.843 		-7.201 		6.173
v -8 		4.423 		16.088
v -8 		8.969 		3.912
v -7.025 		1.69 		19.239
v -6.706 		-4.83 		15
v -5.609 		8.924 		2.929
v -16.365 		2.241 		5
v -5.5 		-4.33 		15
v -2.121 		-5.879 		6.173
v -6.17 		1.83 		18.66
v -5.5 		4.33 		15
v -8 		9.239 		2.929
v -0.799 		-4.157 		6.173
v -6.706 		4.83 		15
v -3.67 		-7.5 		5
v -5.549 		9.147 		2.066
v -1.876 		-6.124 		5
v -8 		-5.556 		13.827
v -8 		5 		15
v -8 		9.469 		2.066
v -0.5 		-4.33 		5
v -7.347 		1.13 		19.659
v -6.562 		-5.366 		13.827
v -12.484 		7.767 		3.912
v -15.767 		-4.484 		3.912
v -8 		-2.588 		18.66
v -14.342 		6.342 		3.912
v -7.662 		1.261 		19.659
v -5.222 		-4.811 		13.827
v -14.342 		-6.342 		3.912
v -7.33 		-2.5 		18.66
v -15.767 		4.484 		3.912
v -8 		1.305 		19.659
v -12.484 		-7.767 		3.912
v -6.706 		-2.241 		18.66
v -12.619 		8.001 		2.929
v -8 		-6.088 		12.588
v -7.495 		1.884 		19.239
v -16.001 		-4.619 		2.929
v -5.222 		4.811 		13.827
v -8 		-3.214 		17.934
v -6.424 		-5.88 		12.588
v -14.533 		6.533 		2.929
v -8 		1.951 		19.239
v -8 		-7.934 		7.412
v -14.533 		-6.533 		2.929
v -6.562 		5.366 		13.827
v -4.956 		-5.272 		12.588
v -7.168 		-3.105 		17.934
v -6.393 		-2.784 		17.934
v -5.947 		-7.663 		7.412
v -16.001 		4.619 		2.929
v -8 		5.556 		13.827
v -12.619 		-8.001 		2.929
v -4.956 		5.272 		12.588
v -16.201 		-4.735 		2.066
v -14.696 		6.696 		2.066
v -8 		-3.827 		17.071
v -5.848 		-8.031 		6.173
v -6.424 		5.88 		12.588
v -6.739 		0.338 		19.659
v -2.29 		-3.297 		11.305
v -16.201 		4.735 		2.066
v -14.696 		-6.696 		2.066
v -6.87 		0.653 		19.659
v -7.01 		-3.696 		17.071
v -1.631 		-1.707 		11.305
v -7.077 		0.923 		19.659
v -8 		6.088 		12.588
v -1.407 		0 		11.305
v -6.31 		0.975 		19.239
v -1.876 		-3.536 		10
v -14.83 		6.83 		1.34
v -1.17 		-1.83 		10
v -16.365 		4.83 		1.34
v -16.365 		-4.83 		1.34
v -0.929 		0 		10
v -3.516 		-7.767 		3.912
v -1.489 		-3.759 		8.695
v -3.728 		1.145 		16.088
v -1.658 		-6.342 		3.912
v -14.83 		-6.83 		1.34
v -0.738 		-1.946 		8.695
v -7.368 		0.169 		19.914
v -7.434 		0.327 		19.914
v -3.17 		1.294 		15
v -7.538 		0.462 		19.914
v -0.233 		-4.484 		3.912
v -7.673 		0.566 		19.914
v -14.935 		6.935 		0.761
v -0.482 		0 		8.695
v -3.67 		2.5 		15
v -7.831 		0.632 		19.914
v -8 		0.654 		19.914
v -5.5 		9.33 		1.34
v -8.169 		0.632 		19.914
v -2.634 		1.438 		13.827
v -3.381 		-8.001 		2.929
v -8 		9.659 		1.34
v -14.935 		-6.935 		0.761
v -3.189 		2.778 		13.827
v -15.011 		7.011 		0.341
v -1.467 		-6.533 		2.929
v -4.072 		3.928 		13.827
v -3.338 		-4.662 		11.305
v -15.011 		-7.011 		0.341
v -15.056 		7.056 		0.086
v -5.462 		9.474 		0.761
v -3 		-5 		10
v -2.12 		1.576 		12.588
v -15.056 		-7.056 		0.086
v -8 		9.808 		0.761
v -2.728 		3.044 		12.588
v -1.304 		-6.696 		2.066
v -2.684 		-5.316 		8.695
v -5.434 		9.577 		0.341
v -8 		9.979 		0.086
v -8 		9.914 		0.341
v -1.17 		-6.83 		1.34
v -1.065 		-6.935 		0.761
v -8.67 		2.5 		18.66
v -5.417 		9.639 		0.086
v -4.17 		2.211 		16.088
v -16.66 		0 		5
v -8 		-6.593 		11.305
v -0.989 		-7.011 		0.341
v -10.241 		-8.365 		5
v -9.294 		2.241 		18.66
v -6.293 		-6.369 		11.305
v -4.873 		3.127 		16.088
v -0.944 		-7.056 		0.086
v -5.789 		3.83 		16.088
v -8.832 		3.105 		17.934
v -4.703 		-5.71 		11.305
v -9.607 		2.784 		17.934
v -16.494 		4.904 		0.761
v -10.321 		-8.663 		3.912
v -10.273 		2.273 		17.934
v -4.464 		3.536 		15
v -16.586 		4.957 		0.341
v -10.391 		-8.924 		2.929
v -16.642 		4.989 		0.086
v -8 		-7.071 		10
v -8.99 		3.696 		17.071
v -6.17 		-6.83 		10
v -9.913 		3.314 		17.071
v -10.706 		2.706 		17.071
v -10.451 		-9.147 		2.066
v -4.464 		-6.124 		10
v -8 		-8.315 		6.173
v -2.39 		5.61 		7.412
v -8 		-8.66 		5
v -3.338 		4.662 		11.305
v -8 		-7.518 		8.695
v -5.759 		-8.365 		5
v -4.033 		6.871 		7.412
v -3 		5 		10
v -6.054 		-7.262 		8.695
v -10.5 		-9.33 		1.34
v -4.241 		-6.511 		8.695
v -16.663 		2.321 		3.912
v -8.654 		0 		19.914
v -8.632 		-0.169 		19.914
v -16.969 		0 		3.912
v -10.538 		-9.474 		0.761
v -8.566 		-0.327 		19.914
v -16.924 		2.391 		2.929
v -3.265 		-8.201 		2.066
v -2.684 		5.316 		8.695
v -8.462 		-0.462 		19.914
v -8.327 		-0.566 		19.914
v -3.17 		-8.365 		1.34
v -17.239 		0 		2.929
v -9.305 		0 		19.659
v -9.261 		-0.338 		19.659
v -8.338 		1.261 		19.659
v -9.13 		-0.653 		19.659
v -8.653 		1.13 		19.659
v -10.566 		-9.577 		0.341
v -8.923 		-0.923 		19.659
v -17.147 		2.451 		2.066
v -8.505 		1.884 		19.239
v -3.096 		-8.494 		0.761
v -17.469 		0 		2.066
v -8.975 		1.69 		19.239
v -12.272 		-1.145 		16.088
v -9.379 		1.379 		19.239
v -4.703 		5.71 		11.305
v -10.583 		-9.639 		0.086
v -6.293 		6.369 		11.305
v -17.33 		2.5 		1.34
v -11.83 		-2.211 		16.088
v -3.043 		-8.586 		0.341
v -3.011 		-8.642 		0.086
v -17.659 		0 		1.34
v -0.799 		4.157 		6.173
v -8 		6.593 		11.305
v -17.474 		2.538 		0.761
v -11.127 		-3.127 		16.088
v -9.83 		1.83 		18.66
v -2.121 		5.879 		6.173
v -17.808 		0 		0.761
v -4.464 		6.124 		10
v -10.211 		-3.83 		16.088
v -3.843 		7.201 		6.173
v -17.577 		2.566 		0.341
v -6.17 		6.83 		10
v -12.735 		-8.201 		2.066
v -0.5 		4.33 		5
v -17.979 		0 		0.086
v -17.914 		0 		0.341
v -12.83 		-8.365 		1.34
v -8 		7.071 		10
v -1.876 		6.124 		5
v -11.536 		-3.536 		15
v -17.639 		2.583 		0.086
v -8 		-8.969 		3.912
v -8.327 		0.566 		19.914
v -3.67 		7.5 		5
v -8.462 		0.462 		19.914
v -8.566 		0.327 		19.914
v -12.904 		-8.494 		0.761
v -5.679 		-8.663 		3.912
v -8.632 		0.169 		19.914
v -4.241 		6.511 		8.695
v -12.957 		-8.586 		0.341
v -6.054 		7.262 		8.695
v -8 		-9.239 		2.929
v -12.989 		-8.642 		0.086
v -9.951 		0 		19.239
v -9.884 		-0.505 		19.239
v -5.609 		-8.924 		2.929
v 0.031 		-2.152 		6.173
v -8.923 		0.923 		19.659
v -8 		7.518 		8.695
v -9.69 		-0.975 		19.239
v 0.315 		0 		6.173
v -9.13 		0.653 		19.659
v 0.365 		-2.241 		5
v -8 		-9.469 		2.066
v -9.261 		0.338 		19.659
v 0.66 		0 		5
v -5.947 		7.663 		7.412
v -5.549 		-9.147 		2.066
v -8 		7.934 		7.412
v 0.663 		-2.321 		3.912
v -5.848 		8.031 		6.173
v -9.69 		0.975 		19.239
v -1.631 		1.707 		11.305
v 0.924 		-2.391 		2.929
v -8 		-9.659 		1.34
v -9.884 		0.505 		19.239
v -2.29 		3.297 		11.305
v -8.653 		-1.13 		19.659
v -5.5 		-9.33 		1.34
v -16.663 		-2.321 		3.912
v -8.338 		-1.261 		19.659
v -16.924 		-2.391 		2.929
v -1.17 		1.83 		10
v -9.379 		-1.379 		19.239
v -5.462 		-9.474 		0.761
v -1.876 		3.536 		10
v -8.975 		-1.69 		19.239
v -0.337 		2.053 		7.412
v -0.738 		1.946 		8.695
v -1.489 		3.759 		8.695
v -17.147 		-2.451 		2.066
v -1.129 		3.967 		7.412
v -8.505 		-1.884 		19.239
v -10.241 		1.294 		18.66
v -10.5 		0.67 		18.66
v -17.33 		-2.5 		1.34
v -9.145 		4.272 		16.088
v -9.83 		-1.83 		18.66
v -11.928 		-3.928 		13.827
v -10.588 		0 		18.66
v -17.474 		-2.538 		0.761
v -9.294 		4.83 		15
v -10.784 		1.607 		17.934
v -10.5 		4.33 		15
v -0.233 		4.484 		3.912
v -9.438 		5.366 		13.827
v -11.105 		0.832 		17.934
v -10.5 		-0.67 		18.66
v -1.658 		6.342 		3.912
v -12.423 		0 		16.088
v -17.577 		-2.566 		0.341
v -10.778 		4.811 		13.827
v -12.83 		-1.294 		15
v -10.241 		-1.294 		18.66
v -12.33 		-2.5 		15
v -3.516 		7.767 		3.912
v -11.105 		-0.832 		17.934
v -11.214 		0 		17.934
v -10.784 		-1.607 		17.934
v -13.366 		-1.438 		13.827
v -11.314 		1.913 		17.071
v -12.811 		-2.778 		13.827
v -17.639 		-2.583 		0.086
v -11.696 		-0.99 		17.071
v -9.576 		5.88 		12.588
v -11.314 		-1.913 		17.071
v -1.467 		6.533 		2.929
v -11.044 		5.272 		12.588
v -12.305 		4.305 		12.588
v -3.381 		8.001 		2.929
v -13.88 		-1.576 		12.588
v -9.294 		-2.241 		18.66
v -8.67 		-2.5 		18.66
v -13.272 		-3.044 		12.588
v -1.304 		6.696 		2.066
v -9.607 		-2.784 		17.934
v -8.832 		-3.105 		17.934
v -1.17 		6.83 		1.34
v -10.211 		3.83 		16.088
v -1.065 		6.935 		0.761
v -9.913 		-3.314 		17.071
v -9.145 		-4.272 		16.088
v -0.989 		7.011 		0.341
v -16.494 		-4.904 		0.761
v -8.99 		-3.696 		17.071
v -11.127 		3.127 		16.088
v -0.944 		7.056 		0.086
v -16.586 		-4.957 		0.341
v -16.642 		-4.989 		0.086
v -11.83 		2.211 		16.088
v -10.273 		-2.273 		17.934
v -12.272 		1.145 		16.088
v -10.706 		-2.706 		17.071
v -11.536 		3.536 		15
v 0.031 		2.152 		6.173
v 0.365 		2.241 		5
v -11.928 		3.928 		13.827
v 0.001 		4.619 		2.929
v 0.201 		4.735 		2.066
v -12.33 		2.5 		15
v -12.83 		1.294 		15
# 577 vertices

g group_0_14541540

usemtl color_14541540
s 0

f 18 	43 	47
f 18 	47 	22
f 12 	11 	31
f 6 	21 	29
f 11 	25 	31
f 7 	14 	1
f 14 	7 	27
f 6 	29 	9
f 25 	34 	39
f 29 	40 	9
f 4 	96 	7
f 20 	35 	41
f 25 	39 	31
f 9 	40 	16
f 37 	23 	38
f 20 	41 	26
f 24 	7 	42
f 27 	7 	24
f 42 	7 	46
f 45 	50 	51
f 21 	124 	127
f 46 	7 	52
f 34 	45 	51
f 58 	7 	60
f 30 	49 	55
f 54 	50 	45
f 52 	7 	56
f 54 	4 	50
f 23 	15 	48
f 56 	7 	58
f 55 	35 	30
f 34 	51 	39
f 55 	65 	35
f 73 	55 	49
f 15 	62 	80
f 57 	79 	64
f 72 	76 	66
f 98 	54 	45
f 75 	79 	57
f 23 	48 	38
f 35 	65 	41
f 43 	61 	67
f 61 	147 	67
f 4 	54 	63
f 64 	81 	69
f 70 	59 	352
f 79 	81 	64
f 43 	67 	47
f 47 	67 	277
f 68 	73 	49
f 76 	80 	63
f 63 	66 	76
f 70 	116 	59
f 437 	75 	57
f 80 	62 	63
f 55 	78 	65
f 62 	86 	63
f 55 	73 	78
f 86 	88 	63
f 102 	96 	63
f 33 	1 	14
f 88 	83 	63
f 25 	74 	82
f 84 	142 	61
f 359 	91 	82
f 83 	102 	63
f 87 	94 	75
f 34 	25 	82
f 44 	95 	32
f 82 	91 	34
f 75 	94 	79
f 89 	97 	90
f 40 	100 	93
f 4 	63 	96
f 95 	44 	99
f 81 	79 	104
f 109 	92 	85
f 60 	7 	96
f 19 	97 	89
f 101 	54 	98
f 53 	99 	44
f 114 	103 	93
f 111 	114 	93
f 99 	313 	95
f 94 	104 	79
f 144 	141 	106
f 19 	107 	97
f 172 	187 	85
f 59 	108 	53
f 91 	45 	34
f 19 	12 	107
f 59 	116 	108
f 108 	99 	53
f 100 	110 	111
f 31 	113 	12
f 109 	85 	187
f 108 	330 	99
f 100 	111 	93
f 92 	109 	20
f 91 	98 	45
f 87 	149 	94
f 12 	113 	107
f 87 	143 	149
f 92 	20 	105
f 70 	117 	116
f 114 	192 	103
f 115 	118 	112
f 48 	15 	80
f 70 	77 	117
f 105 	26 	106
f 101 	63 	54
f 105 	20 	26
f 110 	119 	111
f 187 	30 	109
f 109 	35 	20
f 122 	119 	110
f 119 	123 	111
f 371 	66 	101
f 101 	66 	63
f 111 	123 	114
f 68 	128 	73
f 342 	108 	116
f 29 	21 	127
f 31 	129 	113
f 115 	372 	118
f 46 	117 	77
f 122 	120 	121
f 68 	208 	128
f 100 	29 	127
f 73 	128 	131
f 39 	129 	31
f 122 	121 	119
f 130 	132 	125
f 127 	110 	100
f 5 	113 	129
f 132 	133 	125
f 119 	126 	123
f 146 	110 	127
f 133 	134 	125
f 128 	153 	131
f 119 	121 	126
f 29 	100 	40
f 134 	136 	125
f 73 	131 	78
f 69 	81 	137
f 136 	138 	125
f 10 	5 	129
f 42 	46 	77
f 138 	141 	125
f 141 	144 	125
f 137 	124 	69
f 129 	39 	145
f 137 	146 	124
f 124 	146 	127
f 139 	164 	165
f 147 	61 	142
f 139 	165 	148
f 140 	168 	150
f 67 	147 	365
f 145 	39 	51
f 161 	147 	142
f 81 	104 	152
f 134 	85 	136
f 129 	145 	10
f 147 	161 	383
f 153 	128 	148
f 151 	154 	143
f 152 	137 	81
f 277 	67 	365
f 148 	174 	153
f 137 	156 	146
f 148 	165 	174
f 172 	85 	134
f 136 	85 	92
f 152 	156 	137
f 120 	159 	121
f 136 	92 	138
f 143 	154 	149
f 156 	122 	146
f 142 	157 	161
f 159 	120 	162
f 138 	92 	105
f 158 	163 	135
f 138 	105 	141
f 146 	122 	110
f 118 	179 	158
f 105 	106 	141
f 158 	179 	163
f 104 	210 	152
f 210 	217 	152
f 193 	151 	13
f 163 	140 	135
f 130 	167 	132
f 152 	217 	156
f 163 	168 	140
f 132 	167 	133
f 169 	133 	167
f 156 	120 	122
f 193 	154 	151
f 133 	172 	134
f 170 	159 	162
f 157 	171 	161
f 133 	169 	172
f 13 	28 	264
f 157 	166 	171
f 170 	230 	159
f 177 	104 	94
f 158 	112 	118
f 160 	228 	178
f 167 	175 	181
f 149 	177 	94
f 177 	210 	104
f 160 	178 	164
f 167 	181 	169
f 164 	178 	183
f 13 	151 	173
f 166 	185 	191
f 163 	182 	168
f 184 	172 	169
f 180 	13 	173
f 166 	191 	171
f 178 	307 	183
f 179 	182 	163
f 154 	186 	149
f 184 	169 	181
f 164 	183 	165
f 172 	184 	187
f 149 	186 	177
f 176 	243 	180
f 165 	183 	189
f 186 	190 	177
f 185 	197 	191
f 243 	28 	180
f 185 	196 	197
f 180 	28 	13
f 188 	142 	84
f 192 	188 	103
f 165 	189 	174
f 236 	179 	118
f 188 	192 	157
f 195 	186 	154
f 236 	242 	179
f 179 	242 	182
f 195 	154 	193
f 195 	198 	186
f 188 	157 	142
f 192 	114 	199
f 275 	184 	181
f 186 	198 	190
f 114 	123 	199
f 310 	189 	183
f 184 	202 	187
f 192 	199 	166
f 199 	212 	185
f 184 	275 	202
f 199 	185 	166
f 26 	204 	200
f 201 	335 	194
f 192 	166 	157
f 187 	202 	30
f 193 	267 	195
f 367 	197 	196
f 264 	267 	193
f 26 	41 	204
f 204 	206 	200
f 202 	49 	30
f 123 	212 	199
f 335 	256 	194
f 126 	212 	123
f 35 	109 	30
f 41 	211 	204
f 202 	275 	219
f 41 	65 	211
f 203 	214 	205
f 49 	202 	219
f 204 	216 	206
f 214 	203 	248
f 204 	211 	216
f 205 	214 	139
f 206 	216 	112
f 227 	216 	211
f 145 	36 	10
f 185 	212 	196
f 214 	164 	139
f 112 	216 	115
f 145 	155 	36
f 216 	227 	115
f 208 	205 	139
f 207 	556 	213
f 159 	223 	121
f 218 	209 	473
f 155 	1 	36
f 206 	112 	250
f 208 	139 	148
f 155 	7 	1
f 208 	148 	128
f 473 	209 	253
f 120 	156 	217
f 121 	223 	126
f 65 	78 	224
f 51 	50 	155
f 177 	190 	210
f 223 	225 	126
f 230 	223 	159
f 477 	220 	218
f 210 	226 	217
f 65 	224 	211
f 213 	356 	207
f 7 	155 	50
f 126 	225 	212
f 51 	155 	145
f 211 	224 	227
f 4 	7 	50
f 164 	214 	160
f 160 	269 	228
f 196 	212 	225
f 219 	222 	68
f 14 	27 	215
f 68 	49 	219
f 223 	233 	225
f 221 	306 	203
f 223 	230 	233
f 221 	203 	205
f 225 	233 	235
f 222 	221 	205
f 232 	253 	209
f 190 	226 	210
f 226 	162 	217
f 225 	235 	196
f 235 	367 	196
f 243 	176 	239
f 234 	245 	237
f 254 	259 	236
f 217 	162 	120
f 234 	240 	245
f 236 	259 	242
f 170 	265 	230
f 229 	241 	249
f 237 	248 	203
f 532 	246 	239
f 190 	247 	226
f 237 	245 	248
f 241 	257 	249
f 247 	190 	198
f 246 	252 	239
f 229 	249 	232
f 270 	274 	233
f 238 	250 	135
f 240 	263 	245
f 253 	232 	249
f 239 	252 	243
f 250 	158 	135
f 243 	32 	28
f 252 	32 	243
f 238 	135 	244
f 546 	194 	256
f 244 	140 	278
f 160 	214 	248
f 135 	140 	244
f 256 	246 	546
f 22 	258 	240
f 32 	276 	28
f 254 	293 	259
f 257 	241 	255
f 256 	260 	246
f 249 	257 	261
f 112 	158 	250
f 22 	47 	258
f 222 	208 	68
f 263 	240 	258
f 222 	205 	208
f 28 	276 	264
f 249 	261 	253
f 258 	282 	263
f 170 	496 	265
f 258 	277 	282
f 193 	13 	264
f 253 	261 	479
f 509 	266 	175
f 245 	269 	248
f 230 	270 	233
f 271 	181 	175
f 245 	263 	269
f 270 	230 	265
f 267 	272 	195
f 160 	248 	269
f 283 	267 	264
f 267 	292 	272
f 271 	175 	266
f 283 	292 	267
f 270 	294 	274
f 275 	181 	271
f 269 	288 	228
f 195 	272 	198
f 254 	287 	293
f 321 	328 	257
f 233 	274 	235
f 328 	261 	257
f 278 	262 	244
f 47 	277 	258
f 262 	278 	268
f 276 	283 	264
f 268 	284 	273
f 279 	286 	265
f 280 	287 	251
f 263 	288 	269
f 263 	282 	288
f 266 	289 	271
f 278 	284 	268
f 266 	281 	289
f 285 	171 	191
f 271 	290 	275
f 251 	287 	254
f 265 	286 	270
f 271 	289 	290
f 294 	270 	286
f 219 	275 	290
f 229 	400 	398
f 522 	259 	293
f 219 	290 	222
f 140 	150 	278
f 32 	95 	276
f 291 	229 	398
f 278 	150 	284
f 95 	297 	276
f 150 	361 	284
f 295 	300 	280
f 95 	313 	297
f 285 	299 	291
f 428 	295 	231
f 276 	297 	283
f 301 	324 	106
f 295 	430 	300
f 178 	228 	302
f 296 	304 	279
f 285 	390 	299
f 428 	430 	295
f 283 	303 	292
f 228 	345 	302
f 281 	298 	306
f 291 	299 	241
f 280 	300 	287
f 297 	303 	283
f 300 	309 	287
f 305 	308 	325
f 281 	306 	289
f 296 	322 	304
f 299 	255 	241
f 307 	178 	302
f 279 	304 	286
f 291 	241 	229
f 289 	221 	290
f 106 	26 	200
f 183 	307 	310
f 287 	309 	293
f 314 	307 	302
f 306 	221 	289
f 200 	301 	106
f 448 	294 	286
f 307 	317 	310
f 307 	314 	317
f 301 	311 	305
f 222 	290 	221
f 301 	200 	311
f 305 	311 	238
f 345 	312 	302
f 302 	312 	314
f 430 	437 	300
f 305 	238 	308
f 300 	437 	309
f 315 	303 	297
f 238 	244 	308
f 339 	260 	256
f 335 	339 	256
f 206 	311 	200
f 313 	315 	297
f 246 	260 	252
f 320 	224 	78
f 311 	250 	238
f 252 	44 	32
f 255 	321 	257
f 316 	322 	296
f 206 	250 	311
f 78 	131 	320
f 260 	44 	252
f 144 	324 	125
f 312 	323 	314
f 255 	318 	321
f 324 	325 	125
f 131 	326 	320
f 325 	327 	125
f 131 	153 	326
f 312 	319 	323
f 327 	329 	125
f 314 	323 	331
f 329 	333 	125
f 342 	330 	108
f 320 	326 	332
f 333 	334 	125
f 304 	322 	452
f 334 	336 	125
f 99 	330 	313
f 153 	174 	337
f 314 	331 	317
f 174 	350 	337
f 336 	458 	125
f 313 	376 	315
f 174 	189 	350
f 458 	460 	125
f 330 	376 	313
f 153 	337 	326
f 319 	209 	218
f 460 	461 	125
f 341 	332 	326
f 319 	218 	323
f 318 	338 	343
f 461 	464 	125
f 316 	340 	322
f 220 	331 	323
f 464 	402 	125
f 341 	326 	337
f 339 	53 	260
f 323 	218 	220
f 332 	341 	344
f 338 	354 	343
f 322 	340 	462
f 339 	59 	53
f 144 	106 	324
f 321 	318 	343
f 305 	325 	324
f 228 	288 	345
f 321 	71 	328
f 260 	53 	44
f 324 	301 	305
f 321 	343 	71
f 348 	335 	201
f 340 	346 	466
f 327 	325 	308
f 347 	382 	342
f 201 	207 	348
f 348 	352 	335
f 345 	349 	312
f 308 	262 	327
f 337 	353 	341
f 346 	469 	466
f 337 	350 	353
f 308 	244 	262
f 346 	351 	469
f 344 	341 	231
f 349 	319 	312
f 329 	327 	262
f 335 	352 	339
f 116 	117 	347
f 59 	339 	352
f 52 	347 	117
f 262 	268 	329
f 353 	231 	341
f 355 	349 	389
f 117 	46 	52
f 343 	74 	71
f 329 	268 	333
f 207 	356 	348
f 340 	466 	462
f 347 	342 	116
f 343 	354 	74
f 334 	333 	273
f 268 	273 	333
f 319 	349 	355
f 273 	336 	334
f 354 	82 	74
f 356 	357 	358
f 351 	346 	564
f 354 	408 	359
f 198 	272 	401
f 82 	354 	359
f 400 	229 	232
f 356 	358 	348
f 355 	232 	209
f 355 	209 	319
f 363 	224 	320
f 226 	247 	364
f 362 	357 	356
f 364 	247 	404
f 359 	360 	91
f 390 	285 	191
f 224 	363 	227
f 226 	364 	162
f 362 	24 	357
f 401 	247 	198
f 361 	375 	368
f 370 	227 	363
f 373 	375 	361
f 332 	363 	320
f 369 	282 	277
f 363 	379 	370
f 367 	392 	197
f 360 	366 	98
f 332 	379 	363
f 42 	357 	24
f 370 	115 	227
f 277 	365 	369
f 303 	315 	431
f 361 	150 	373
f 374 	282 	369
f 370 	372 	115
f 348 	358 	352
f 366 	101 	98
f 150 	168 	373
f 367 	235 	377
f 366 	371 	101
f 235 	274 	377
f 288 	282 	374
f 236 	118 	372
f 357 	42 	77
f 375 	378 	368
f 288 	374 	345
f 358 	70 	352
f 315 	376 	438
f 360 	98 	91
f 213 	215 	362
f 330 	342 	380
f 345 	374 	349
f 342 	382 	380
f 27 	362 	215
f 274 	381 	377
f 379 	251 	370
f 362 	356 	213
f 358 	357 	77
f 294 	381 	274
f 280 	251 	379
f 371 	366 	433
f 168 	182 	384
f 147 	383 	365
f 377 	381 	468
f 371 	434 	72
f 362 	27 	24
f 372 	370 	251
f 384 	373 	168
f 376 	330 	380
f 365 	383 	385
f 251 	254 	372
f 373 	386 	375
f 76 	72 	434
f 358 	77 	70
f 372 	254 	236
f 384 	386 	373
f 66 	371 	72
f 332 	344 	379
f 375 	387 	378
f 365 	385 	369
f 369 	389 	374
f 280 	379 	344
f 375 	386 	387
f 191 	197 	390
f 369 	385 	389
f 388 	381 	294
f 231 	295 	344
f 388 	480 	381
f 344 	295 	280
f 349 	374 	389
f 197 	392 	390
f 161 	171 	394
f 395 	299 	390
f 390 	392 	395
f 306 	298 	237
f 381 	480 	468
f 255 	299 	395
f 347 	52 	56
f 394 	383 	161
f 383 	398 	385
f 382 	347 	56
f 463 	318 	395
f 388 	448 	399
f 382 	56 	58
f 234 	237 	298
f 383 	394 	398
f 395 	318 	255
f 237 	203 	306
f 385 	398 	400
f 125 	402 	403
f 386 	562 	387
f 401 	404 	247
f 403 	406 	125
f 385 	400 	389
f 401 	272 	407
f 125 	406 	410
f 502 	409 	397
f 355 	389 	400
f 408 	354 	338
f 272 	292 	407
f 405 	37 	399
f 387 	562 	566
f 410 	411 	125
f 394 	171 	285
f 407 	413 	401
f 411 	130 	125
f 409 	465 	397
f 415 	403 	414
f 402 	414 	403
f 416 	336 	273
f 23 	37 	405
f 394 	285 	291
f 407 	424 	413
f 403 	417 	406
f 399 	37 	491
f 401 	413 	404
f 415 	417 	403
f 359 	408 	412
f 398 	394 	291
f 420 	410 	406
f 292 	303 	421
f 423 	412 	495
f 412 	423 	360
f 303 	431 	421
f 273 	284 	422
f 412 	360 	359
f 417 	420 	406
f 400 	232 	355
f 407 	292 	421
f 422 	416 	273
f 421 	424 	407
f 416 	425 	418
f 391 	396 	409
f 421 	435 	424
f 422 	425 	416
f 425 	427 	418
f 405 	419 	23
f 393 	428 	231
f 423 	366 	360
f 423 	433 	366
f 15 	419 	429
f 433 	38 	434
f 529 	531 	426
f 429 	62 	15
f 38 	48 	434
f 284 	361 	422
f 431 	435 	421
f 447 	430 	428
f 361 	368 	422
f 430 	453 	437
f 315 	438 	431
f 447 	453 	430
f 422 	368 	425
f 531 	432 	426
f 425 	440 	427
f 438 	442 	431
f 57 	309 	437
f 393 	397 	443
f 371 	433 	434
f 368 	440 	425
f 440 	510 	427
f 431 	442 	435
f 391 	445 	396
f 443 	428 	393
f 441 	445 	391
f 86 	62 	429
f 443 	447 	428
f 396 	487 	483
f 446 	438 	376
f 286 	304 	448
f 376 	380 	446
f 388 	294 	448
f 526 	529 	426
f 446 	450 	451
f 304 	452 	448
f 368 	378 	440
f 446 	451 	438
f 76 	434 	48
f 436 	454 	441
f 432 	455 	439
f 48 	80 	76
f 448 	452 	399
f 453 	75 	437
f 436 	449 	454
f 456 	450 	446
f 399 	452 	405
f 454 	459 	441
f 457 	392 	367
f 452 	462 	405
f 455 	432 	531
f 75 	453 	87
f 456 	60 	450
f 439 	455 	18
f 377 	457 	367
f 452 	322 	462
f 392 	457 	463
f 438 	451 	442
f 454 	532 	459
f 441 	459 	445
f 380 	382 	456
f 463 	395 	392
f 497 	130 	411
f 456 	446 	380
f 397 	465 	443
f 467 	447 	443
f 382 	58 	456
f 414 	470 	471
f 336 	418 	458
f 377 	468 	457
f 58 	60 	456
f 336 	416 	418
f 465 	467 	443
f 474 	460 	458
f 467 	475 	447
f 457 	472 	463
f 414 	471 	415
f 449 	525 	454
f 449 	521 	525
f 415 	476 	417
f 468 	472 	457
f 218 	473 	477
f 454 	525 	532
f 418 	474 	458
f 338 	463 	472
f 447 	475 	453
f 474 	478 	460
f 462 	419 	405
f 471 	476 	415
f 472 	408 	338
f 476 	500 	417
f 475 	87 	453
f 463 	338 	318
f 409 	396 	465
f 253 	479 	473
f 460 	478 	461
f 478 	481 	461
f 473 	479 	482
f 396 	483 	465
f 429 	469 	86
f 417 	500 	420
f 468 	484 	472
f 462 	466 	419
f 465 	483 	467
f 468 	480 	484
f 466 	469 	429
f 473 	482 	477
f 261 	486 	479
f 408 	472 	484
f 461 	481 	464
f 467 	485 	475
f 89 	482 	479
f 402 	464 	414
f 481 	414 	464
f 483 	485 	467
f 480 	388 	491
f 427 	474 	418
f 466 	429 	419
f 475 	485 	143
f 261 	328 	486
f 475 	143 	87
f 88 	351 	83
f 478 	474 	488
f 412 	408 	484
f 479 	486 	89
f 189 	489 	350
f 471 	530 	476
f 396 	445 	487
f 88 	469 	351
f 486 	328 	490
f 483 	487 	173
f 427 	488 	474
f 469 	88 	86
f 310 	489 	189
f 490 	328 	71
f 488 	492 	478
f 486 	490 	19
f 350 	489 	493
f 162 	364 	170
f 420 	494 	410
f 388 	399 	491
f 480 	491 	495
f 502 	493 	489
f 490 	12 	19
f 364 	496 	170
f 485 	483 	173
f 488 	511 	492
f 489 	499 	502
f 486 	19 	89
f 485 	151 	143
f 510 	511 	488
f 410 	494 	411
f 11 	71 	74
f 404 	496 	364
f 478 	492 	481
f 173 	151 	485
f 494 	497 	411
f 480 	495 	484
f 493 	353 	350
f 74 	25 	11
f 481 	470 	414
f 11 	490 	71
f 353 	493 	393
f 492 	470 	481
f 176 	487 	445
f 412 	484 	495
f 488 	427 	510
f 12 	490 	11
f 498 	496 	404
f 459 	176 	445
f 176 	180 	487
f 231 	353 	393
f 130 	497 	167
f 310 	317 	499
f 487 	180 	173
f 501 	495 	491
f 404 	413 	498
f 459 	239 	176
f 310 	499 	489
f 498 	279 	496
f 491 	37 	501
f 239 	459 	532
f 493 	397 	393
f 493 	502 	397
f 331 	220 	504
f 505 	499 	317
f 516 	470 	492
f 423 	495 	501
f 496 	279 	265
f 503 	494 	420
f 505 	317 	331
f 37 	38 	501
f 499 	505 	506
f 413 	507 	498
f 38 	433 	501
f 499 	506 	502
f 424 	507 	413
f 420 	500 	503
f 505 	504 	508
f 433 	423 	501
f 502 	506 	409
f 494 	503 	509
f 500 	548 	503
f 331 	504 	505
f 15 	23 	419
f 508 	506 	505
f 444 	439 	18
f 424 	435 	512
f 494 	509 	497
f 506 	391 	409
f 435 	517 	512
f 497 	175 	167
f 571 	436 	504
f 509 	175 	497
f 435 	442 	517
f 444 	18 	22
f 506 	508 	391
f 424 	512 	507
f 444 	22 	558
f 508 	504 	436
f 513 	384 	182
f 476 	514 	500
f 511 	516 	492
f 182 	242 	513
f 508 	436 	441
f 476 	530 	514
f 508 	441 	391
f 500 	514 	548
f 455 	43 	18
f 518 	513 	242
f 242 	259 	518
f 455 	515 	43
f 503 	549 	509
f 517 	560 	512
f 440 	519 	510
f 518 	520 	513
f 515 	538 	84
f 378 	519 	440
f 515 	84 	61
f 519 	523 	510
f 515 	61 	43
f 470 	524 	471
f 259 	522 	518
f 517 	442 	527
f 516 	524 	470
f 530 	471 	524
f 518 	528 	520
f 533 	524 	516
f 526 	17 	529
f 510 	523 	511
f 522 	528 	518
f 523 	534 	511
f 516 	534 	533
f 535 	530 	524
f 17 	16 	536
f 533 	535 	524
f 530 	535 	567
f 451 	527 	442
f 511 	534 	516
f 378 	387 	537
f 17 	536 	529
f 564 	517 	527
f 567 	514 	530
f 534 	3 	540
f 3 	426 	540
f 541 	522 	293
f 529 	538 	531
f 534 	540 	533
f 293 	309 	541
f 533 	542 	535
f 540 	542 	533
f 537 	519 	378
f 536 	538 	529
f 522 	544 	528
f 527 	565 	564
f 537 	2 	519
f 541 	544 	522
f 538 	515 	531
f 566 	537 	387
f 539 	565 	527
f 528 	545 	573
f 3 	526 	426
f 521 	543 	525
f 426 	432 	540
f 525 	546 	532
f 528 	544 	545
f 519 	2 	523
f 525 	543 	546
f 531 	515 	455
f 545 	21 	573
f 523 	3 	534
f 16 	547 	536
f 2 	3 	523
f 16 	40 	547
f 546 	246 	532
f 451 	450 	539
f 57 	541 	309
f 536 	550 	538
f 503 	548 	549
f 547 	550 	536
f 266 	509 	549
f 57 	64 	541
f 546 	543 	194
f 451 	539 	527
f 550 	84 	538
f 60 	96 	450
f 541 	64 	544
f 548 	514 	552
f 551 	194 	543
f 450 	96 	539
f 64 	69 	544
f 40 	93 	547
f 514 	567 	552
f 548 	552 	553
f 544 	69 	545
f 551 	201 	194
f 93 	103 	547
f 545 	124 	21
f 549 	548 	553
f 498 	296 	279
f 69 	124 	545
f 549 	553 	281
f 547 	103 	550
f 498 	507 	296
f 554 	201 	551
f 8 	5 	556
f 555 	384 	513
f 553 	298 	281
f 103 	188 	550
f 549 	281 	266
f 507 	316 	296
f 550 	188 	84
f 556 	554 	8
f 384 	555 	386
f 554 	207 	201
f 512 	316 	507
f 207 	554 	556
f 5 	559 	556
f 567 	557 	552
f 552 	557 	561
f 555 	562 	386
f 559 	5 	10
f 556 	559 	213
f 520 	555 	513
f 552 	561 	553
f 512 	560 	316
f 560 	340 	316
f 559 	215 	213
f 298 	553 	561
f 563 	215 	559
f 444 	557 	569
f 33 	14 	563
f 561 	557 	558
f 558 	22 	240
f 563 	14 	215
f 444 	558 	557
f 561 	558 	234
f 558 	240 	234
f 10 	36 	563
f 234 	298 	561
f 568 	2 	537
f 563 	559 	10
f 563 	36 	33
f 567 	535 	569
f 33 	36 	1
f 542 	569 	535
f 517 	564 	560
f 567 	569 	557
f 537 	566 	568
f 560 	346 	340
f 568 	526 	2
f 569 	439 	444
f 351 	564 	565
f 540 	432 	542
f 565 	83 	351
f 432 	439 	542
f 3 	2 	526
f 439 	569 	542
f 564 	346 	560
f 555 	570 	562
f 555 	520 	570
f 504 	220 	571
f 571 	220 	477
f 572 	571 	477
f 562 	576 	566
f 572 	477 	482
f 83 	565 	102
f 571 	572 	449
f 572 	521 	449
f 571 	449 	436
f 102 	565 	539
f 482 	89 	90
f 520 	528 	573
f 102 	539 	96
f 482 	90 	572
f 573 	570 	520
f 521 	572 	90
f 90 	97 	574
f 573 	6 	570
f 90 	574 	521
f 574 	543 	521
f 575 	574 	97
f 97 	107 	575
f 574 	575 	551
f 570 	576 	562
f 575 	8 	554
f 575 	554 	551
f 574 	551 	543
f 576 	577 	566
f 8 	575 	107
f 107 	113 	8
f 576 	9 	577
f 5 	8 	113
f 566 	577 	568
f 577 	17 	568
f 577 	16 	17
f 9 	16 	577
f 526 	568 	17
f 576 	570 	6
f 6 	9 	576
f 6 	573 	21
# 1150 faces

 #end of obj_0

