# Object Export From Tinkercad Server 2015

mtllib obj.mtl

o obj_0
v 1 		8.66 		2.5
v 0.905 		8.495 		3.457
v -8.964 		-2.866 		4.268
v -9.537 		-1.484 		4.268
v 0.964 		2.866 		0.732
v 1.98 		-5.98 		0.19
v 0.495 		2.595 		1.543
v 4.026 		-4.634 		0.732
v 3.324 		-4.228 		0.19
v 1.667 		3.272 		0.19
v 2.495 		3.75 		0
v 0.228 		-7.324 		0.19
v -10.543 		0 		4.81
v -10.32 		-1.694 		4.81
v 0.634 		-8.026 		0.732
v -9.732 		0 		4.268
v 2.553 		-6.553 		0.732
v 2.937 		-6.937 		1.543
v -8.495 		-2.595 		3.457
v -9.013 		-1.343 		3.457
v -9.19 		0 		3.457
v -8.33 		-2.5 		2.5
v -8.83 		-1.294 		2.5
v 1 		-8.66 		2.5
v 0.905 		-8.495 		3.457
v -9 		0 		2.5
v -0.25 		6.495 		0
v -1.811 		8.169 		0.19
v 0.905 		-8.495 		1.543
v -4 		5.19 		1.543
v -0.33 		-3.67 		3.457
v -2.657 		5.013 		1.543
v -4 		5.732 		0.732
v -0.464 		-3.536 		2.5
v -1.405 		4.495 		1.543
v -0.33 		-3.67 		1.543
v -2.516 		5.537 		0.732
v -8.053 		-4.053 		4.268
v -7.67 		-3.67 		3.457
v -1.134 		4.964 		0.732
v -7.536 		-3.536 		2.5
v -7.67 		-3.67 		1.543
v -9.013 		-1.343 		1.543
v -9.19 		0 		1.543
v -2.059 		-7.244 		0
v -4 		-6.543 		0.19
v -4 		-7.5 		0
v -9.537 		-1.484 		0.732
v -9.732 		0 		0.732
v -10.32 		-1.694 		0.19
v -1.811 		-8.169 		0.19
v -10.543 		0 		0.19
v -11.244 		-1.941 		0
v -6.189 		-8.169 		4.81
v -11.5 		0 		0
v -7.75 		-6.495 		5
v -5.941 		-7.244 		5
v -8.495 		-2.595 		1.543
v -8.964 		-2.866 		0.732
v -9.667 		-3.272 		0.19
v -5.694 		-6.32 		4.81
v -10.495 		-3.75 		0
v -7.272 		-5.667 		4.81
v -12.169 		-2.189 		0.19
v -5.484 		-5.537 		4.268
v -6.866 		-4.964 		4.268
v -14 		0 		2.5
v -13.659 		-2.588 		2.5
v -13.475 		-2.539 		3.457
v -13.81 		0 		3.457
v -12.952 		-2.399 		4.268
v -13.268 		0 		4.268
v -12.457 		0 		4.81
v -5.343 		-5.013 		3.457
v -6.595 		-4.495 		3.457
v -12.457 		0 		0.19
v -12.952 		-2.399 		0.732
v -5.294 		-4.83 		2.5
v -13.268 		0 		0.732
v -6.5 		-4.33 		2.5
v -13.475 		-2.539 		1.543
v -13.81 		0 		1.543
v -5.343 		-5.013 		1.543
v -6.595 		-4.495 		1.543
v -12.026 		-4.634 		4.268
v -10.553 		-6.553 		4.268
v -5.484 		-5.537 		0.732
v -8.634 		-8.026 		4.268
v -11.324 		-4.228 		4.81
v -6.866 		-4.964 		0.732
v -9.98 		-5.98 		4.81
v -8.228 		-7.324 		4.81
v -7.272 		-5.667 		0.19
v -8.634 		8.026 		4.268
v -8.228 		7.324 		4.81
v -9.98 		5.98 		4.81
v -10.553 		6.553 		4.268
v -9.303 		-5.303 		5
v -12.026 		4.634 		4.268
v -11.324 		4.228 		4.81
v -9.303 		5.303 		5
v -8.627 		-4.627 		4.81
v -8.627 		4.627 		4.81
v -10.937 		-6.937 		3.457
v -11.071 		-7.071 		2.5
v -10.937 		6.937 		3.457
v 5.81 		0 		3.457
v 5.475 		-2.539 		3.457
v 5.659 		-2.588 		2.5
v -11.071 		7.071 		2.5
v 6 		0 		2.5
v 4.952 		-2.399 		4.268
v 5.268 		0 		4.268
v 4.169 		-2.189 		4.81
v -8.627 		-4.627 		0.19
v 4.457 		0 		4.81
v -9.303 		-5.303 		0
v 4.169 		-2.189 		0.19
v -8.228 		7.324 		0.19
v 4.457 		0 		0.19
v -11.324 		-4.228 		0.19
v -9.98 		-5.98 		0.19
v 4.952 		-2.399 		0.732
v -8.634 		8.026 		0.732
v -10.553 		6.553 		0.732
v 5.268 		0 		0.732
v -12.026 		-4.634 		0.732
v -10.937 		6.937 		1.543
v 5.475 		-2.539 		1.543
v 5.81 		0 		1.543
v -8.627 		4.627 		0.19
v 0.905 		8.495 		1.543
v -9.303 		5.303 		0
v -9.98 		5.98 		0.19
v 4.66 		5 		2.5
v 4.495 		4.905 		3.457
v -11.324 		4.228 		0.19
v -12.026 		4.634 		0.732
v 4.495 		4.905 		1.543
v 4.026 		4.634 		4.268
v -12.66 		5 		2.5
v -12.495 		4.905 		3.457
v 2.553 		6.553 		4.268
v 0.634 		8.026 		4.268
v -12.495 		4.905 		1.543
v 3.324 		4.228 		4.81
v 1.98 		5.98 		4.81
v 0.228 		7.324 		4.81
v -12.169 		2.189 		4.81
v -10.495 		3.75 		5
v 1.303 		5.303 		5
v -11.244 		1.941 		5
v -11.5 		0 		5
v 0.627 		4.627 		4.81
v -10.32 		1.694 		4.81
v -9.667 		3.272 		4.81
v 2.937 		6.937 		3.457
v 3.071 		7.071 		2.5
v -9.537 		1.484 		4.268
v -8.964 		2.866 		4.268
v 0.228 		7.324 		0.19
v 2.553 		6.553 		0.732
v 0.634 		8.026 		0.732
v -9.013 		1.343 		3.457
v -8.495 		2.595 		3.457
v 2.937 		6.937 		1.543
v -8.83 		1.294 		2.5
v -8.33 		2.5 		2.5
v 0.627 		4.627 		0.19
v -8.495 		2.595 		1.543
v 1.303 		5.303 		0
v -8.964 		2.866 		0.732
v 3.324 		4.228 		0.19
v -9.667 		3.272 		0.19
v 1.98 		5.98 		0.19
v -10.495 		3.75 		0
v 4.026 		4.634 		0.732
v -12.169 		2.189 		0.19
v 5.659 		2.588 		2.5
v 5.475 		2.539 		3.457
v -9.013 		1.343 		1.543
v 4.952 		2.399 		4.268
v -9.537 		1.484 		0.732
v 1.013 		1.343 		1.543
v -10.32 		1.694 		0.19
v 1.19 		0 		1.543
v 1.537 		1.484 		0.732
v -11.244 		1.941 		0
v 1.732 		0 		0.732
v 2.32 		1.694 		0.19
v 2.543 		0 		0.19
v 3.244 		1.941 		0
v -13.475 		2.539 		3.457
v 3.5 		0 		0
v -13.659 		2.588 		2.5
v -8.228 		-7.324 		0.19
v -10.553 		-6.553 		0.732
v -8.634 		-8.026 		0.732
v -1.601 		8.952 		4.268
v -4 		9.268 		4.268
v -4 		8.457 		4.81
v -10.937 		-6.937 		1.543
v -1.461 		9.475 		3.457
v -1.412 		9.659 		2.5
v -4 		9.81 		3.457
v -4 		10 		2.5
v -12.66 		-5 		2.5
v -12.495 		-4.905 		3.457
v -12.495 		-4.905 		1.543
v -4 		8.457 		0.19
v -1.601 		8.952 		0.732
v -9 		-8.66 		2.5
v -8.905 		-8.495 		3.457
v -4 		9.268 		0.732
v -1.461 		9.475 		1.543
v -8.905 		-8.495 		1.543
v -4 		9.81 		1.543
v 4.169 		2.189 		4.81
v -6.588 		9.659 		2.5
v -6.539 		9.475 		3.457
v 4.169 		2.189 		0.19
v -6.399 		8.952 		4.268
v 4.952 		2.399 		0.732
v 5.475 		2.539 		1.543
v -6.399 		8.952 		0.732
v -6.539 		9.475 		1.543
v 3.244 		1.941 		5
v 3.5 		0 		5
v 2.495 		3.75 		5
v -1.811 		8.169 		4.81
v -0.25 		6.495 		5
v -2.059 		7.244 		5
v 1.667 		3.272 		4.81
v -4 		7.5 		5
v 2.32 		1.694 		4.81
v 2.543 		0 		4.81
v 0.053 		4.053 		4.268
v 0.964 		2.866 		4.268
v -4 		6.543 		4.81
v -2.306 		6.32 		4.81
v 1.537 		1.484 		4.268
v 1.732 		0 		4.268
v -8.053 		-4.053 		0.732
v 0.495 		2.595 		3.457
v 1.013 		1.343 		3.457
v -0.728 		-5.667 		4.81
v 1.19 		0 		3.457
v 0.33 		2.5 		2.5
v -1.134 		-4.964 		4.268
v 0.83 		1.294 		2.5
v -2.516 		-5.537 		4.268
v 2.495 		-3.75 		5
v 3.244 		-1.941 		5
v -4 		-5.732 		4.268
v -1.811 		-8.169 		4.81
v -4 		-7.5 		5
v -2.059 		-7.244 		5
v -5.694 		-6.32 		0.19
v -0.25 		-6.495 		5
v -5.941 		-7.244 		0
v -7.75 		-6.495 		0
v -6.189 		-8.169 		0.19
v -2.306 		-6.32 		4.81
v -4 		-6.543 		4.81
v -4 		-9.268 		4.268
v -1.405 		-4.495 		3.457
v -1.601 		-8.952 		4.268
v -2.657 		-5.013 		3.457
v -4 		-8.457 		4.81
v -4 		-5.19 		3.457
v -1.5 		-4.33 		2.5
v -4 		-9.81 		3.457
v -4 		-10 		2.5
v -1.412 		-9.659 		2.5
v -1.461 		-9.475 		3.457
v -2.706 		-4.83 		2.5
v -4 		-5 		2.5
v -1.405 		-4.495 		1.543
v -4 		-8.457 		0.19
v -2.657 		-5.013 		1.543
v -1.134 		-4.964 		0.732
v -4 		-9.268 		0.732
v -1.601 		-8.952 		0.732
v -4 		-5.19 		1.543
v -4 		-9.81 		1.543
v -2.516 		-5.537 		0.732
v -1.461 		-9.475 		1.543
v -0.728 		-5.667 		0.19
v -6.539 		-9.475 		3.457
v -6.588 		-9.659 		2.5
v -6.399 		-8.952 		4.268
v -4 		-5.732 		0.732
v -2.306 		-6.32 		0.19
v -6.399 		-8.952 		0.732
v -0.25 		-6.495 		0
v -6.539 		-9.475 		1.543
v -12.169 		-2.189 		4.81
v -11.244 		-1.941 		5
v -0.728 		5.667 		4.81
v -10.495 		-3.75 		5
v -4 		5.732 		4.268
v -2.516 		5.537 		4.268
v -9.667 		-3.272 		4.81
v -1.134 		4.964 		4.268
v -4 		5.19 		3.457
v -2.657 		5.013 		3.457
v -1.405 		4.495 		3.457
v -4 		5 		2.5
v -12.952 		2.399 		4.268
v -2.706 		4.83 		2.5
v -12.952 		2.399 		0.732
v -1.5 		4.33 		2.5
v -13.475 		2.539 		1.543
v -4 		6.543 		0.19
v -2.306 		6.32 		0.19
v -4 		7.5 		0
v -2.059 		7.244 		0
v 1 		0 		2.5
v 0.053 		4.053 		0.732
v 2.32 		-1.694 		4.81
v 1.667 		-3.272 		4.81
v 1.537 		-1.484 		4.268
v 0.964 		-2.866 		4.268
v 0.053 		-4.053 		4.268
v -0.728 		5.667 		0.19
v -6.189 		8.169 		4.81
v 1.013 		-1.343 		3.457
v 0.495 		-2.595 		3.457
v -5.941 		7.244 		5
v 0.83 		-1.294 		2.5
v -7.75 		6.495 		5
v 0.33 		-2.5 		2.5
v 1.013 		-1.343 		1.543
v -7.272 		5.667 		4.81
v -5.694 		6.32 		4.81
v 1.537 		-1.484 		0.732
v 2.32 		-1.694 		0.19
v -6.866 		4.964 		4.268
v -5.484 		5.537 		4.268
v 3.244 		-1.941 		0
v 0.495 		-2.595 		1.543
v -6.595 		4.495 		3.457
v 0.964 		-2.866 		0.732
v -5.343 		5.013 		3.457
v 0.053 		-4.053 		0.732
v -6.5 		4.33 		2.5
v -5.294 		4.83 		2.5
v 1.667 		-3.272 		0.19
v -5.694 		6.32 		0.19
v 2.495 		-3.75 		0
v -7.75 		6.495 		0
v -5.941 		7.244 		0
v 4.66 		-5 		2.5
v 4.495 		-4.905 		3.457
v -6.189 		8.169 		0.19
v 4.495 		-4.905 		1.543
v -6.595 		4.495 		1.543
v -5.343 		5.013 		1.543
v -6.866 		4.964 		0.732
v 0.634 		-8.026 		4.268
v 2.553 		-6.553 		4.268
v 4.026 		-4.634 		4.268
v 0.228 		-7.324 		4.81
v -5.484 		5.537 		0.732
v 1.98 		-5.98 		4.81
v 3.324 		-4.228 		4.81
v -7.272 		5.667 		0.19
v 1.303 		-5.303 		5
v -0.33 		3.67 		3.457
v 0.627 		-4.627 		4.81
v -0.464 		3.536 		2.5
v -0.33 		3.67 		1.543
v 2.937 		-6.937 		3.457
v 3.071 		-7.071 		2.5
v -8.053 		4.053 		4.268
v -7.67 		3.67 		3.457
v -7.536 		3.536 		2.5
v 0.627 		-4.627 		0.19
v -7.67 		3.67 		1.543
v 1.303 		-5.303 		0
v -8.053 		4.053 		0.732
v -9 		8.66 		2.5
v -8.905 		8.495 		3.457
v -8.905 		8.495 		1.543
# 384 vertices

g group_0_40919

usemtl color_40919
s 0

f 1 	203 	2
f 2 	203 	199
f 7 	5 	184
f 9 	8 	6
f 5 	169 	10
f 13 	14 	4
f 4 	16 	13
f 12 	6 	17
f 6 	8 	17
f 17 	15 	12
f 20 	16 	4
f 4 	3 	19
f 15 	17 	18
f 20 	4 	19
f 356 	18 	17
f 19 	22 	20
f 20 	21 	16
f 20 	22 	23
f 20 	23 	21
f 21 	23 	26
f 28 	214 	211
f 15 	18 	29
f 24 	29 	374
f 30 	33 	32
f 31 	34 	266
f 33 	37 	32
f 34 	36 	271
f 32 	37 	35
f 37 	40 	35
f 315 	40 	37
f 3 	39 	19
f 39 	41 	19
f 22 	19 	41
f 23 	58 	43
f 43 	44 	26
f 43 	26 	23
f 43 	48 	44
f 44 	48 	49
f 47 	51 	279
f 49 	50 	52
f 45 	51 	47
f 51 	45 	12
f 48 	50 	49
f 12 	15 	51
f 52 	53 	55
f 50 	53 	52
f 55 	64 	76
f 53 	64 	55
f 22 	42 	58
f 23 	22 	58
f 48 	43 	59
f 58 	59 	43
f 59 	115 	60
f 60 	48 	59
f 48 	60 	50
f 57 	256 	264
f 57 	264 	61
f 50 	62 	53
f 56 	57 	61
f 60 	62 	50
f 56 	61 	63
f 62 	121 	53
f 62 	122 	121
f 62 	117 	122
f 67 	68 	69
f 67 	82 	68
f 63 	61 	65
f 63 	65 	66
f 66 	65 	74
f 67 	69 	70
f 68 	81 	207
f 66 	74 	75
f 66 	75 	38
f 71 	72 	70
f 70 	69 	71
f 74 	277 	78
f 38 	75 	39
f 64 	77 	76
f 76 	77 	79
f 77 	64 	127
f 79 	77 	81
f 39 	80 	41
f 75 	74 	78
f 75 	78 	80
f 81 	82 	79
f 75 	80 	39
f 77 	209 	81
f 127 	209 	77
f 68 	82 	81
f 80 	83 	84
f 80 	78 	83
f 83 	87 	84
f 84 	87 	90
f 41 	80 	84
f 41 	84 	42
f 90 	42 	84
f 85 	91 	89
f 91 	85 	86
f 86 	88 	92
f 86 	92 	91
f 88 	54 	92
f 94 	96 	95
f 97 	96 	94
f 89 	91 	98
f 97 	99 	100
f 97 	100 	96
f 99 	149 	100
f 98 	91 	56
f 95 	96 	101
f 91 	92 	56
f 92 	54 	57
f 92 	57 	56
f 98 	63 	102
f 98 	56 	63
f 102 	66 	38
f 102 	63 	66
f 101 	156 	103
f 213 	104 	105
f 208 	104 	86
f 86 	104 	88
f 104 	213 	88
f 107 	108 	109
f 107 	109 	111
f 110 	142 	106
f 108 	107 	113
f 108 	113 	112
f 113 	116 	112
f 112 	116 	114
f 60 	117 	62
f 60 	115 	117
f 53 	121 	64
f 118 	126 	123
f 8 	9 	123
f 119 	125 	124
f 117 	196 	122
f 126 	118 	120
f 121 	127 	64
f 122 	197 	121
f 124 	125 	128
f 122 	198 	197
f 122 	196 	198
f 128 	125 	145
f 123 	130 	129
f 209 	127 	202
f 123 	126 	130
f 209 	202 	105
f 129 	111 	109
f 111 	129 	130
f 131 	176 	133
f 166 	132 	1
f 133 	137 	134
f 134 	125 	119
f 134 	138 	125
f 137 	138 	134
f 145 	125 	138
f 110 	141 	142
f 136 	143 	140
f 193 	142 	141
f 193 	141 	195
f 110 	128 	141
f 128 	145 	141
f 140 	147 	146
f 145 	195 	141
f 147 	140 	143
f 143 	144 	148
f 143 	148 	147
f 96 	150 	101
f 100 	150 	96
f 146 	147 	151
f 147 	231 	151
f 100 	149 	152
f 147 	148 	231
f 100 	152 	150
f 149 	153 	152
f 151 	299 	154
f 151 	231 	299
f 152 	13 	155
f 152 	153 	13
f 157 	136 	135
f 135 	158 	157
f 158 	1 	2
f 150 	155 	156
f 166 	1 	158
f 150 	152 	155
f 16 	159 	155
f 158 	2 	157
f 157 	143 	136
f 150 	156 	101
f 157 	144 	143
f 155 	13 	16
f 144 	157 	2
f 2 	199 	144
f 16 	21 	159
f 159 	21 	164
f 375 	103 	160
f 156 	155 	159
f 156 	159 	160
f 171 	27 	161
f 103 	156 	160
f 160 	164 	165
f 27 	28 	161
f 159 	164 	160
f 21 	26 	164
f 164 	26 	167
f 162 	163 	132
f 167 	26 	44
f 162 	132 	166
f 165 	164 	167
f 165 	167 	168
f 165 	168 	376
f 10 	171 	11
f 169 	27 	171
f 10 	169 	171
f 172 	185 	174
f 11 	175 	173
f 172 	174 	381
f 131 	381 	174
f 175 	11 	171
f 174 	188 	176
f 171 	161 	175
f 174 	176 	131
f 137 	133 	176
f 173 	175 	162
f 175 	163 	162
f 175 	161 	163
f 176 	178 	137
f 173 	162 	177
f 178 	176 	188
f 178 	311 	137
f 166 	139 	177
f 177 	162 	166
f 137 	311 	138
f 166 	158 	139
f 139 	158 	135
f 111 	179 	180
f 111 	130 	179
f 181 	167 	44
f 44 	49 	181
f 180 	107 	111
f 136 	179 	135
f 181 	170 	168
f 180 	179 	136
f 182 	113 	107
f 167 	181 	168
f 49 	183 	181
f 181 	183 	170
f 172 	170 	183
f 52 	55 	185
f 184 	186 	318
f 183 	49 	52
f 183 	52 	185
f 184 	318 	250
f 5 	187 	184
f 183 	185 	172
f 184 	187 	186
f 185 	55 	188
f 187 	189 	186
f 5 	10 	187
f 185 	188 	174
f 187 	10 	190
f 189 	190 	191
f 188 	55 	76
f 190 	10 	11
f 178 	188 	76
f 189 	187 	190
f 79 	178 	76
f 11 	173 	192
f 191 	192 	194
f 190 	11 	192
f 196 	117 	261
f 191 	190 	192
f 196 	261 	262
f 121 	197 	127
f 199 	200 	201
f 197 	202 	127
f 198 	296 	216
f 197 	216 	202
f 203 	1 	204
f 204 	205 	203
f 204 	206 	205
f 208 	68 	207
f 68 	208 	69
f 205 	200 	203
f 207 	104 	208
f 203 	200 	199
f 104 	207 	105
f 205 	222 	200
f 208 	85 	69
f 208 	86 	85
f 1 	132 	204
f 207 	81 	209
f 209 	105 	207
f 161 	28 	211
f 105 	212 	213
f 105 	202 	212
f 161 	211 	163
f 28 	210 	214
f 213 	291 	88
f 211 	215 	163
f 54 	88 	291
f 211 	217 	215
f 211 	214 	217
f 215 	132 	163
f 198 	216 	197
f 214 	226 	217
f 212 	202 	216
f 204 	132 	215
f 212 	216 	290
f 107 	180 	182
f 180 	136 	140
f 180 	140 	182
f 217 	206 	215
f 113 	218 	116
f 215 	206 	204
f 113 	182 	218
f 140 	146 	182
f 220 	206 	219
f 182 	146 	218
f 206 	217 	219
f 206 	220 	205
f 221 	120 	194
f 205 	220 	222
f 194 	192 	221
f 192 	173 	221
f 120 	221 	223
f 200 	326 	201
f 223 	126 	120
f 177 	223 	221
f 173 	177 	221
f 126 	223 	224
f 224 	130 	126
f 223 	139 	224
f 225 	214 	210
f 223 	177 	139
f 226 	214 	225
f 179 	130 	224
f 384 	226 	225
f 135 	179 	224
f 224 	139 	135
f 218 	227 	116
f 219 	217 	226
f 116 	227 	228
f 226 	382 	219
f 229 	227 	218
f 144 	230 	148
f 144 	199 	230
f 146 	229 	218
f 199 	201 	230
f 148 	230 	232
f 230 	234 	232
f 230 	201 	234
f 151 	229 	146
f 229 	151 	154
f 231 	148 	232
f 229 	154 	233
f 229 	233 	227
f 227 	233 	235
f 227 	235 	228
f 235 	236 	228
f 237 	233 	154
f 233 	237 	238
f 235 	238 	241
f 233 	238 	235
f 244 	241 	238
f 235 	241 	236
f 242 	236 	241
f 231 	240 	299
f 41 	42 	22
f 243 	59 	58
f 42 	90 	243
f 42 	243 	58
f 245 	241 	244
f 244 	371 	248
f 244 	248 	245
f 245 	247 	242
f 241 	245 	242
f 245 	248 	250
f 249 	266 	251
f 366 	114 	253
f 251 	266 	268
f 251 	268 	254
f 61 	254 	65
f 61 	264 	254
f 114 	228 	253
f 243 	90 	93
f 54 	256 	57
f 115 	243 	93
f 93 	260 	261
f 243 	115 	59
f 93 	261 	115
f 87 	46 	258
f 46 	47 	258
f 259 	257 	255
f 90 	258 	93
f 90 	87 	258
f 255 	363 	259
f 258 	47 	260
f 260 	47 	279
f 258 	260 	93
f 117 	115 	261
f 259 	246 	257
f 257 	246 	263
f 256 	257 	263
f 260 	262 	261
f 256 	263 	264
f 263 	249 	251
f 246 	249 	263
f 260 	279 	262
f 264 	263 	251
f 254 	264 	251
f 249 	31 	266
f 266 	34 	271
f 266 	271 	268
f 268 	270 	254
f 265 	255 	269
f 255 	265 	267
f 268 	271 	276
f 363 	255 	267
f 269 	255 	257
f 269 	257 	256
f 271 	36 	278
f 273 	274 	275
f 254 	270 	65
f 65 	270 	74
f 271 	278 	276
f 273 	275 	272
f 25 	274 	24
f 270 	268 	276
f 270 	276 	277
f 275 	274 	25
f 277 	276 	280
f 270 	277 	74
f 272 	267 	265
f 277 	284 	78
f 272 	275 	267
f 360 	267 	275
f 276 	278 	280
f 280 	281 	286
f 278 	281 	280
f 51 	283 	279
f 279 	283 	282
f 277 	280 	284
f 283 	51 	15
f 282 	283 	287
f 282 	287 	285
f 280 	286 	284
f 283 	29 	287
f 283 	15 	29
f 285 	274 	273
f 285 	287 	274
f 378 	288 	281
f 281 	288 	286
f 287 	24 	274
f 287 	29 	24
f 212 	289 	213
f 212 	290 	289
f 272 	289 	290
f 290 	273 	272
f 289 	291 	213
f 78 	284 	83
f 292 	284 	286
f 289 	272 	265
f 288 	293 	286
f 289 	265 	291
f 291 	265 	269
f 87 	83 	292
f 54 	291 	269
f 284 	292 	83
f 256 	54 	269
f 262 	294 	196
f 293 	288 	295
f 46 	292 	293
f 294 	198 	196
f 292 	286 	293
f 262 	282 	294
f 282 	262 	279
f 294 	296 	198
f 293 	45 	46
f 294 	285 	296
f 295 	6 	12
f 292 	46 	87
f 45 	293 	295
f 294 	282 	285
f 290 	216 	296
f 296 	273 	290
f 273 	296 	285
f 45 	295 	12
f 46 	45 	47
f 232 	239 	240
f 71 	69 	85
f 232 	234 	239
f 73 	72 	297
f 232 	240 	231
f 297 	72 	71
f 85 	89 	71
f 89 	297 	71
f 240 	239 	301
f 73 	297 	298
f 301 	302 	240
f 73 	298 	153
f 300 	298 	297
f 300 	297 	89
f 89 	98 	300
f 300 	98 	102
f 300 	102 	303
f 298 	300 	303
f 298 	303 	14
f 153 	298 	14
f 237 	154 	304
f 299 	240 	302
f 299 	302 	304
f 304 	302 	306
f 154 	299 	304
f 14 	13 	153
f 102 	38 	303
f 304 	306 	307
f 38 	3 	303
f 38 	39 	3
f 304 	307 	237
f 14 	3 	4
f 14 	303 	3
f 302 	301 	305
f 302 	305 	306
f 305 	308 	306
f 195 	70 	193
f 195 	67 	70
f 309 	99 	142
f 306 	308 	310
f 193 	309 	142
f 193 	70 	72
f 193 	72 	309
f 309 	149 	99
f 309 	72 	73
f 306 	310 	307
f 73 	149 	309
f 73 	153 	149
f 310 	308 	30
f 310 	30 	32
f 307 	310 	312
f 79 	311 	178
f 312 	310 	32
f 312 	32 	35
f 138 	311 	313
f 138 	313 	145
f 33 	314 	37
f 314 	315 	37
f 311 	82 	313
f 82 	311 	79
f 314 	316 	315
f 195 	145 	313
f 313 	67 	195
f 316 	314 	352
f 313 	82 	67
f 315 	316 	317
f 245 	250 	247
f 247 	250 	318
f 325 	317 	27
f 317 	28 	27
f 317 	316 	210
f 210 	28 	317
f 5 	7 	319
f 116 	228 	114
f 253 	228 	236
f 248 	7 	250
f 253 	236 	320
f 319 	169 	5
f 250 	7 	184
f 253 	320 	252
f 252 	320 	321
f 242 	322 	320
f 320 	236 	242
f 321 	320 	322
f 321 	322 	323
f 315 	325 	40
f 315 	317 	325
f 319 	40 	325
f 319 	325 	169
f 169 	325 	27
f 323 	328 	324
f 324 	31 	249
f 322 	242 	247
f 327 	322 	247
f 247 	318 	327
f 222 	326 	200
f 328 	323 	327
f 323 	322 	327
f 327 	318 	330
f 95 	326 	222
f 329 	201 	326
f 31 	324 	328
f 201 	329 	234
f 330 	318 	186
f 326 	331 	329
f 31 	332 	34
f 328 	327 	330
f 95 	331 	326
f 328 	330 	332
f 328 	332 	31
f 95 	101 	331
f 34 	332 	341
f 333 	330 	186
f 331 	101 	103
f 186 	189 	333
f 331 	103 	334
f 331 	334 	329
f 329 	334 	335
f 333 	332 	330
f 189 	336 	333
f 329 	335 	234
f 234 	335 	239
f 191 	194 	337
f 336 	189 	191
f 336 	191 	337
f 335 	338 	339
f 337 	194 	340
f 334 	338 	335
f 335 	339 	239
f 340 	194 	120
f 120 	118 	340
f 301 	239 	339
f 332 	333 	341
f 333 	336 	341
f 344 	305 	301
f 339 	338 	342
f 344 	301 	339
f 34 	341 	36
f 341 	336 	343
f 336 	337 	343
f 341 	343 	36
f 345 	36 	343
f 342 	377 	346
f 348 	343 	337
f 342 	346 	344
f 340 	348 	337
f 344 	339 	342
f 278 	345 	281
f 344 	346 	347
f 343 	348 	345
f 340 	350 	348
f 36 	345 	278
f 344 	347 	305
f 305 	347 	308
f 346 	357 	347
f 358 	347 	357
f 349 	314 	33
f 350 	9 	380
f 133 	134 	351
f 350 	340 	118
f 349 	351 	352
f 9 	118 	123
f 351 	119 	352
f 374 	353 	354
f 353 	108 	354
f 119 	351 	134
f 353 	109 	108
f 314 	349 	352
f 210 	316 	355
f 354 	108 	112
f 316 	352 	355
f 352 	119 	355
f 8 	356 	17
f 8 	129 	356
f 225 	210 	355
f 123 	129 	8
f 124 	225 	355
f 355 	119 	124
f 356 	353 	18
f 356 	129 	109
f 353 	356 	109
f 131 	359 	381
f 357 	359 	358
f 131 	367 	359
f 361 	360 	25
f 358 	30 	308
f 112 	362 	354
f 347 	358 	308
f 267 	360 	363
f 359 	364 	358
f 360 	365 	363
f 365 	360 	361
f 361 	362 	366
f 358 	364 	30
f 361 	366 	365
f 362 	114 	366
f 364 	33 	30
f 112 	114 	362
f 131 	133 	367
f 363 	365 	368
f 367 	133 	351
f 351 	349 	367
f 363 	368 	259
f 364 	359 	367
f 364 	367 	349
f 252 	368 	365
f 349 	33 	364
f 237 	307 	369
f 252 	365 	366
f 307 	312 	369
f 238 	237 	369
f 366 	253 	252
f 238 	369 	244
f 368 	321 	370
f 369 	312 	371
f 368 	252 	321
f 368 	370 	259
f 244 	369 	371
f 35 	371 	312
f 323 	370 	321
f 370 	246 	259
f 371 	35 	372
f 370 	323 	324
f 35 	40 	372
f 248 	372 	7
f 246 	370 	324
f 246 	324 	249
f 371 	372 	248
f 373 	25 	24
f 372 	40 	319
f 24 	374 	373
f 372 	319 	7
f 354 	373 	374
f 103 	375 	334
f 360 	275 	25
f 375 	338 	334
f 373 	361 	25
f 373 	362 	361
f 375 	165 	376
f 165 	375 	160
f 376 	338 	375
f 338 	376 	342
f 362 	373 	354
f 29 	18 	374
f 168 	377 	376
f 376 	377 	342
f 353 	374 	18
f 378 	345 	348
f 170 	377 	168
f 170 	172 	379
f 379 	172 	381
f 379 	357 	346
f 377 	170 	379
f 345 	378 	281
f 377 	379 	346
f 380 	295 	288
f 357 	381 	359
f 378 	348 	350
f 378 	350 	380
f 379 	381 	357
f 288 	378 	380
f 295 	380 	6
f 383 	219 	382
f 380 	9 	6
f 384 	110 	382
f 350 	118 	9
f 219 	383 	220
f 106 	383 	382
f 382 	110 	106
f 94 	222 	220
f 383 	106 	97
f 225 	124 	384
f 124 	128 	384
f 382 	226 	384
f 384 	128 	110
f 94 	220 	383
f 383 	97 	94
f 99 	97 	106
f 106 	142 	99
f 95 	222 	94
# 768 faces

 #end of obj_0

