# Object Export From Tinkercad Server 2015

mtllib obj.mtl

o obj_0
v 0.059 		21.244 		0
v 2 		21.5 		0
v 3.941 		21.244 		0
v 12 		14 		0
v 7.303 		8.697 		0
v 8.495 		10.25 		0
v 5.75 		20.495 		0
v 11.659 		11.412 		0
v 10.66 		9 		0
v 2 		21.5 		10
v 3.941 		21.244 		10
v 0.059 		6.756 		10
v 7.303 		19.303 		0
v 5.75 		20.495 		10
v 7.303 		19.303 		10
v 5.75 		7.505 		10
v 2 		24 		10
v -7.659 		16.588 		0
v 2 		24 		0
v -7.659 		16.588 		10
v 3.941 		6.756 		10
v 4.588 		23.659 		10
v 7 		5.34 		10
v 9.071 		6.929 		10
v 2 		6.5 		10
v 10.66 		9 		10
v 8.495 		17.75 		0
v 8.495 		17.75 		10
v -4.495 		10.25 		10
v -3.303 		8.697 		10
v -3.303 		8.697 		0
v 4.588 		23.659 		0
v 2 		4 		10
v -4.495 		10.25 		0
v 4.588 		4.341 		10
v -1.75 		7.505 		10
v 11.659 		11.412 		10
v -0.588 		4.341 		10
v 2 		6.5 		0
v 0.059 		6.756 		0
v -1.75 		20.495 		10
v -1.75 		20.495 		0
v 5.75 		7.505 		0
v 7 		22.66 		0
v 9.071 		21.071 		0
v 10.66 		19 		0
v 11.659 		16.588 		0
v 3.941 		6.756 		0
v -3 		5.34 		10
v -4.495 		17.75 		0
v -5.244 		12.059 		10
v -0.588 		4.341 		0
v -5.071 		6.929 		10
v -3.303 		19.303 		0
v -5.5 		14 		10
v -6.66 		9 		10
v -5.244 		15.941 		10
v -8 		14 		10
v -7.659 		11.412 		10
v -5.244 		12.059 		0
v 2 		4 		0
v 4.588 		4.341 		0
v -3 		5.34 		0
v -6.66 		19 		0
v 7 		5.34 		0
v -5.071 		21.071 		0
v 0.059 		21.244 		10
v -3 		22.66 		0
v -0.588 		23.659 		0
v 9.071 		6.929 		0
v -0.588 		23.659 		10
v -1.75 		7.505 		0
v -5.5 		14 		0
v -3 		22.66 		10
v -5.071 		6.929 		0
v -5.071 		21.071 		10
v -6.66 		19 		10
v -5.244 		15.941 		0
v -6.66 		9 		0
v 9.244 		15.941 		0
v 9.244 		15.941 		10
v -7.659 		11.412 		0
v -8 		14 		0
v 9.5 		14 		0
v 9.5 		14 		10
v 9.071 		21.071 		10
v 7 		22.66 		10
v 9.244 		12.059 		0
v 9.244 		12.059 		10
v 11.659 		16.588 		10
v 10.66 		19 		10
v 8.495 		10.25 		10
v -4.495 		17.75 		10
v -3.303 		19.303 		10
v 7.303 		8.697 		10
v 12 		14 		10
# 96 vertices

g group_0_16089887

usemtl color_16089887
s 0

f 1 	69 	2
f 6 	88 	8
f 19 	32 	2
f 11 	22 	10
f 14 	22 	11
f 15 	14 	7
f 15 	7 	13
f 19 	17 	22
f 15 	86 	14
f 17 	10 	22
f 21 	35 	16
f 3 	2 	32
f 7 	3 	32
f 24 	9 	26
f 15 	13 	27
f 15 	27 	28
f 25 	35 	21
f 49 	38 	36
f 23 	16 	35
f 9 	8 	37
f 9 	37 	26
f 30 	53 	36
f 37 	8 	4
f 32 	22 	87
f 35 	25 	33
f 33 	25 	38
f 12 	36 	38
f 56 	53 	29
f 39 	40 	12
f 39 	12 	25
f 29 	30 	31
f 29 	31 	34
f 12 	40 	36
f 32 	44 	7
f 44 	45 	7
f 32 	19 	22
f 13 	7 	45
f 27 	13 	45
f 27 	45 	46
f 27 	46 	47
f 16 	43 	48
f 16 	48 	21
f 51 	59 	29
f 9 	6 	8
f 5 	6 	70
f 9 	70 	6
f 49 	52 	38
f 49 	36 	53
f 30 	29 	53
f 58 	59 	55
f 33 	38 	52
f 57 	20 	55
f 21 	48 	39
f 21 	39 	25
f 64 	66 	50
f 18 	64 	50
f 51 	29 	34
f 51 	34 	60
f 43 	5 	70
f 33 	61 	62
f 33 	62 	35
f 56 	29 	59
f 51 	55 	59
f 58 	55 	20
f 63 	49 	75
f 62 	65 	23
f 62 	23 	35
f 49 	63 	52
f 67 	41 	42
f 67 	42 	1
f 70 	24 	23
f 70 	23 	65
f 40 	39 	52
f 61 	52 	39
f 48 	62 	39
f 70 	65 	43
f 48 	43 	62
f 62 	43 	65
f 61 	39 	62
f 10 	67 	1
f 10 	1 	2
f 24 	70 	9
f 52 	72 	40
f 11 	10 	2
f 11 	2 	3
f 71 	17 	69
f 55 	51 	60
f 55 	60 	73
f 14 	11 	3
f 14 	3 	7
f 61 	33 	52
f 69 	68 	74
f 69 	74 	71
f 75 	53 	56
f 19 	69 	17
f 63 	75 	72
f 52 	63 	72
f 68 	66 	76
f 68 	76 	74
f 40 	72 	36
f 49 	53 	75
f 75 	79 	34
f 34 	31 	75
f 31 	72 	75
f 66 	64 	77
f 66 	77 	76
f 36 	72 	31
f 36 	31 	30
f 79 	82 	34
f 55 	73 	78
f 55 	78 	57
f 64 	18 	77
f 73 	60 	82
f 60 	34 	82
f 28 	86 	15
f 22 	14 	87
f 27 	80 	81
f 50 	78 	18
f 78 	73 	18
f 83 	18 	73
f 82 	83 	73
f 81 	80 	84
f 81 	84 	85
f 79 	75 	56
f 17 	71 	10
f 85 	84 	88
f 85 	88 	89
f 50 	57 	78
f 87 	14 	86
f 91 	28 	90
f 81 	90 	28
f 86 	28 	91
f 89 	88 	6
f 89 	6 	92
f 28 	27 	81
f 77 	20 	93
f 58 	20 	83
f 18 	83 	20
f 47 	90 	96
f 47 	96 	4
f 94 	76 	93
f 47 	46 	91
f 47 	91 	90
f 58 	83 	82
f 58 	82 	59
f 92 	6 	5
f 92 	5 	95
f 46 	45 	86
f 46 	86 	91
f 74 	76 	41
f 57 	93 	20
f 56 	59 	79
f 82 	79 	59
f 4 	96 	37
f 45 	44 	87
f 45 	87 	86
f 44 	32 	87
f 95 	5 	43
f 95 	43 	16
f 77 	93 	76
f 94 	41 	76
f 71 	74 	41
f 67 	71 	41
f 67 	10 	71
f 93 	57 	50
f 94 	93 	50
f 94 	50 	54
f 68 	42 	66
f 69 	42 	68
f 19 	2 	69
f 54 	50 	66
f 42 	69 	1
f 54 	66 	42
f 96 	90 	85
f 27 	47 	80
f 41 	94 	54
f 41 	54 	42
f 47 	84 	80
f 89 	37 	85
f 81 	85 	90
f 18 	20 	77
f 92 	37 	89
f 88 	84 	8
f 4 	8 	84
f 47 	4 	84
f 95 	24 	92
f 96 	85 	37
f 23 	24 	16
f 95 	16 	24
f 26 	92 	24
f 37 	92 	26
f 12 	38 	25
# 192 faces

 #end of obj_0

